-0.017042,-0.0031556,-0.0036609,-0.015087,-0.0081563,0.0063672,0.00063158,0.010416,0.020035,0.0014541,-0.00027,0.0046226,0.0073176,0.011698,0.013563,-0.0050778,0.010043,0.0038175,0.0020573,0.028339,0.010409,0.00025334,-0.018534,-0.0028388,0.0062931,0.02312,0.0209,0.0030481,-0.007486,-0.0050684,0.016099,-0.0048002,0.0056322,-0.0014845,-0.0029279,-0.010958,0.001002,-0.019404,-0.0067513,-0.016776,0.0052928,-0.0015237,0.001699,-0.0061886,-0.0002887,0.0077078,-0.018619,0.027038,-0.001251,0.014027,-0.0038086,0.0042992,-0.01776,-0.0064815,-0.014922,0.013716,0.0075089,-0.0088922,-0.016617
0.0081056,0.0043714,0.0026272,0.0014442,0.0096622,-0.0068289,0.0080752,0.010197,-0.02102,0.0091753,-0.0061946,-0.01144,0.030364,0.0014047,0.019252,-0.0018251,-0.001064,-0.0035684,0.0015905,0.0037294,0.0084953,-0.002791,0.026748,-0.0020505,0.005756,-0.027477,-0.001054,0.013011,-0.0050377,-0.003845,0.0056028,0.010953,0.0065964,-0.015539,0.0014389,-0.021431,-0.016006,-0.010253,-0.0047982,0.011108,-0.009569,-0.020611,0.0039792,0.014735,-0.0019762,0.020848,-0.0014571,-0.0048192,-0.0067967,-0.023075,-0.0059668,-0.017631,0.0068189,0.0077628,-0.011963,-0.004563,-0.0010551,-0.0039079,-0.011795
0.00021557,0.013694,-0.0029002,0.010895,0.0085462,0.0011692,-0.0077698,-0.0058434,0.019493,0.027919,-0.0075755,-0.0018134,0.011399,-0.0016451,0.02921,-0.010845,0.028205,-0.016901,-0.0011952,0.0049162,-0.0031209,-0.009356,0.0055392,0.017845,-0.00023868,-0.004041,0.0087267,0.011314,0.031947,-0.0097889,-0.0033245,0.0014481,0.017334,0.0087144,-0.0045824,-0.041284,-0.013545,0.021692,0.0053613,-0.00095086,-0.0058596,-0.0018671,-0.020485,0.0057164,-0.011193,-0.032951,-0.032965,0.0063973,0.0001751,-0.010946,-0.0015722,-0.0033977,0.0092637,0.01514,0.0030093,-0.0049355,0.0142,0.0010993,0.0025337
-0.012529,0.00058747,0.014507,0.015111,-0.0066981,0.016783,-0.0012955,-0.0019948,0.0024004,0.015485,-0.0043565,0.0038299,0.018278,0.018118,0.011103,0.014812,0.022213,-0.0010366,0.028566,0.010618,0.0051683,0.022123,-0.010652,-0.0058402,-0.0051252,-0.013005,0.023978,0.0065008,-0.0098939,0.0059147,0.0022526,0.00038451,0.011663,-0.0041869,-0.00085397,0.015128,-0.00147,-0.014262,-0.018334,0.019035,-0.0036455,-0.022526,-0.015311,0.0033853,-0.0065996,-0.026924,-0.0057264,0.0036171,0.004135,-0.016599,-0.0058458,-0.016807,-0.021005,-0.0058678,0.0030411,-0.02959,-0.012938,0.011023,-0.00071921
0.0064359,0.0041848,-0.0065761,0.0015445,0.00074627,0.0013013,0.0058352,0.0054413,-0.012619,0.0070628,0.0016102,-0.013821,0.0089193,-0.0033546,0.00047688,0.024816,-0.0077231,0.023617,-0.012059,0.0054509,0.00037503,0.021412,-0.011762,-0.0064175,0.01541,0.014482,0.00055978,0.00066469,0.0020559,0.0077504,-0.0015144,0.0024288,0.00031067,-0.0029471,0.0079481,-0.013574,0.0090735,-0.0034063,0.010148,0.020096,0.0074912,-0.01439,0.017109,-0.00053283,0.0041263,-0.012196,0.0044158,-0.0065417,0.0018706,0.0068821,-0.0021972,-0.0010401,0.029832,0.0069071,0.0070514,-0.0067052,-0.027761,0.014824,0.015189
-0.0090516,-0.0043651,-0.0087117,-0.0053443,0.0036523,0.0068226,-0.013208,0.011323,0.017849,0.012835,0.0057947,-0.001068,-0.0098687,0.0090189,0.022083,0.00017178,-0.011343,-0.010331,0.015011,-0.0002337,0.0016137,-0.006014,0.0033588,0.0025003,0.010838,-0.008137,-0.0075073,-0.029853,0.00074673,-0.013165,0.010181,-0.0063087,-0.013978,0.003257,-0.00062868,0.0092934,-0.01033,-0.023676,-0.0038217,0.0065588,0.01699,-0.0004533,0.014345,-0.018431,-0.001276,0.015823,-0.0016233,0.0034586,-0.012695,-0.0013905,-0.013929,0.0012931,-0.0098361,0.0081588,0.013593,-0.0282,0.011064,-0.012112,-0.0037015
0.0080503,-0.0050784,0.013201,-0.0075344,-0.0040632,0.0053411,0.011798,0.00029348,0.0032642,0.017238,0.010293,0.0079307,0.0047691,0.00099201,0.026835,-0.016435,-0.012396,-0.0028374,0.0051273,-0.01516,-0.00041174,0.008255,-0.0008366,-0.013804,-0.019771,0.0023638,-0.011659,0.0090883,-0.0097219,0.0082476,-0.0080498,0.032378,-0.0070392,-0.012504,-0.0054545,0.0074535,-0.010299,-0.0090814,0.017268,0.027663,0.013015,-0.025861,-0.0026921,0.0022982,0.014534,-0.0043375,0.028642,0.014143,-0.002465,-0.003153,-0.002508,0.0033367,0.0055065,-0.0059734,-0.013544,-0.017308,0.0049872,-0.016763,0.0056574
0.011882,-0.0069853,-0.0031541,0.0015713,-0.003564,0.0047938,-0.0030289,0.0042009,-0.0066911,0.0044679,0.0023888,0.0067655,0.027092,0.0059127,0.017454,0.017641,0.013565,0.016201,0.004672,0.023566,0.00099279,-0.0088786,-0.018249,-0.015679,-0.011628,0.0003187,-0.0028914,0.0056772,-0.014549,-0.022402,-0.00019512,-0.018113,-0.01279,-0.0057792,0.016469,-0.014403,0.0031376,-0.012166,-0.0086379,0.011358,-0.003776,0.0024387,-0.0063035,0.0027212,0.0076042,0.015901,-0.022009,0.03254,-0.035358,0.0099337,-0.00014756,0.0049355,0.0018365,-0.020361,-0.0074976,-0.0029762,-0.010626,-0.0017514,-0.017971
-0.00097831,-0.00026171,0.00050754,-0.0094448,0.0066657,-0.00028613,-0.016699,-0.0073033,0.0022915,0.0019158,-0.020223,-0.0094988,0.0083718,-0.0019267,-0.0015551,0.019531,0.0097339,0.010822,0.0015017,0.027993,0.0095275,0.013022,0.02253,0.012758,0.0038156,-0.012386,-0.0029663,-0.0016237,0.015025,-0.02212,-0.015698,0.0094737,0.0059927,-0.0093794,-0.0089248,0.001599,-0.008984,-0.012413,0.006436,-0.033798,0.018774,0.0071273,-0.00084621,-0.019183,-0.0044543,0.0099204,-0.013961,0.0059803,0.018287,-0.011252,0.0031518,-0.0036669,-0.020708,0.0095687,-0.016757,-0.0027687,-0.0020369,0.017907,-0.010232
0.001812,0.0049081,-0.0083154,0.0034614,-0.0034661,0.011849,0.0015324,0.0044088,-0.0048917,0.010663,-0.0072691,0.00058996,0.0064374,-0.0095737,0.015362,-0.0089007,0.021602,0.018359,0.004805,-0.0039595,0.0079973,0.012331,0.020531,0.0019715,0.028567,-0.0091819,0.0033619,0.015716,0.017057,0.020443,0.016124,5.3548e-05,-0.0014597,-0.022073,0.00075708,0.00031593,-0.0088602,-0.0075986,-0.0099328,-0.0083178,0.015746,0.0016166,-0.0066128,0.011982,0.0021715,-0.01198,-0.0015065,0.009392,0.0011607,0.0022558,-0.011024,-0.00323,0.01029,0.014252,-0.018999,0.010291,0.004052,0.0037438,-0.012344
-0.016083,-0.010297,0.0051608,0.01791,0.0024057,0.0034674,0.0048543,-0.011149,-0.0032606,-0.008677,-0.0069875,0.0051835,0.030355,0.020173,0.0068036,0.01852,0.010497,0.010843,0.017115,0.018423,-0.0065029,0.0074437,-0.0043081,-0.001235,0.00053476,0.010245,0.006963,-0.0078593,0.0037949,-0.0012419,0.0068695,0.0058283,-0.010753,-0.0078255,-0.01697,0.026229,-0.021094,0.013896,-0.012627,-0.01345,0.029211,0.010894,-0.017713,-0.018835,0.0053275,-0.0048785,-0.0031634,0.015599,0.0073578,0.0045194,-0.0021828,0.0020884,0.0051057,-0.0023287,-0.008295,-0.019497,0.01443,0.0089492,-0.027701
0.0042558,0.013442,-0.001108,0.0071327,-0.010613,0.00030843,0.0046117,0.012209,-0.011605,0.0088043,0.0069696,0.0038159,0.01084,0.011734,0.0026725,-0.0066409,0.031081,-0.011261,0.0086384,-0.011471,0.020127,0.0051731,-0.00044635,0.0078379,-0.00050335,-0.011564,0.0045316,-0.028146,-0.00019323,0.017901,-0.011687,0.013554,0.0022776,0.013419,-0.014944,-0.012488,-0.0065367,-0.016159,-0.008059,0.02144,-0.0054691,-0.011298,0.017916,0.0014454,-0.010144,-0.0051442,0.0040181,0.0010425,0.0034246,0.017841,0.001524,-0.012633,-0.0052002,0.0034143,0.009054,0.004094,-0.0003546,-6.5359e-05,0.0022856
0.0030174,-0.0035947,-0.0020625,0.01396,0.0032548,0.0041363,0.014849,0.0083418,0.00079041,-0.0033582,-0.0068144,-0.0030342,0.005583,0.025993,0.014078,0.013534,0.016624,0.014655,0.0089252,0.0091951,0.002596,0.0062483,0.018014,0.013242,-0.011063,0.0021511,-0.01087,-0.012775,-0.0049143,0.012728,-0.00043319,0.014607,-0.01454,0.0068652,-0.0081779,0.0092113,-0.0044881,-0.0071046,-0.0098313,0.013099,0.018915,0.022115,0.011992,-0.018397,-0.0031123,-0.010504,-0.0034242,-0.00028139,0.0027113,-0.0094169,0.017966,0.002027,0.0004954,0.011526,0.0076333,0.011544,0.0069083,-0.015185,-0.011172
-0.01835,-0.011704,-0.0073198,1.0756e-05,0.00039935,0.01754,-0.0047409,-0.011797,-0.015765,0.023306,-0.0090819,0.016831,0.019082,0.044923,0.030083,0.020885,-0.010336,-0.019511,0.006135,0.0014115,0.008649,-0.0018402,-0.0033332,-0.0020123,-0.0052245,0.0019964,0.0036256,-0.012762,0.003581,0.0025632,5.3869e-05,-0.012027,-0.018704,0.0053645,0.0029678,0.016431,0.018211,-0.0075151,0.0012518,0.017187,0.0035352,-0.015947,-0.028437,-0.015714,-0.0056332,0.010685,0.00047396,0.0041223,0.0079676,-0.0083901,-0.0049165,-0.0027448,-0.017378,-0.018272,-0.0023602,-0.0062372,0.013154,-0.0053495,-0.017005
0.0011582,0.0065047,0.003047,-0.0070524,0.0025412,0.002881,0.0043874,-0.0039187,0.0010788,0.014565,-0.0013784,0.017594,0.011377,0.017595,0.014579,0.017442,0.010419,0.0090994,0.010838,0.013978,0.030908,0.014336,-0.0086159,-0.014207,-0.0088325,-0.00095864,-0.013131,-0.0049389,0.018172,-0.0032965,-0.0064935,0.0076491,-0.0069908,0.0075682,-0.011536,0.014423,-0.00041769,0.0059159,0.00012867,0.0027569,0.0024997,-0.0025454,0.011581,-0.012028,-0.030995,-0.0069213,0.0052517,3.1672e-05,-0.01919,0.020781,-0.0085023,0.00095567,-0.0074391,0.0022933,0.0149,-0.0089216,0.021284,-0.011517,-0.021907
-0.0019509,0.0087691,-0.0021336,0.012642,-0.0060899,0.0013385,0.00048088,-0.0020715,-0.010061,0.028238,0.022555,0.024989,0.018994,0.024231,-0.011348,0.02828,0.011988,-0.0034794,0.0010886,0.014222,0.0066961,-0.0055074,0.012771,0.0061731,-0.0016943,-0.012869,-0.00016594,0.0023345,-0.0012707,-0.0057585,0.011765,-0.0055273,-0.0083652,0.0062254,0.006185,-0.018583,-0.0062597,-0.014878,0.0036071,0.020063,0.015005,-0.0059427,0.003034,-0.0057517,0.0058615,0.011788,-0.0027511,-0.010538,-0.012022,0.0053185,-0.0086648,0.012651,0.0054445,0.0032373,-0.013238,0.01507,-0.0064237,0.0081252,-0.0069781
0.0021957,-0.010989,0.0085282,0.001677,0.018363,-0.0017562,-0.0017732,-0.011811,-0.0050941,0.014629,0.018793,0.0021438,0.03622,0.03614,0.02267,-0.013109,-0.010369,-0.021667,0.0071851,0.0028693,0.0046384,0.013475,0.0063822,0.0014365,-0.010902,-0.0031285,-0.0077716,-0.0035316,-0.0095517,-0.018209,0.012601,-0.012307,0.0017497,-0.020875,0.005271,0.0023358,0.014992,0.018166,-0.014753,-0.00082028,0.012053,1.7979e-05,0.0067423,0.013638,0.0087669,0.0030128,-0.0017719,0.016083,0.024127,-0.0054056,0.0027033,-0.01095,-0.0056058,-0.011402,0.0010063,-0.0030291,0.0060296,0.013208,-0.0098755
0.011569,-0.010918,0.010102,-0.00038279,0.0044521,0.0082552,0.00044668,-0.0083665,0.013503,0.012472,0.018398,0.027881,0.030454,0.032035,0.026525,0.0093633,0.016631,-0.0094586,0.016777,0.0063781,-0.0039537,-0.012364,-0.0067525,0.012051,0.0040927,-0.005442,-0.015754,0.012042,-0.0092877,-0.019346,-0.006165,-0.0031094,-0.0056079,-0.016269,0.022527,-0.0083266,0.0052925,0.011514,-0.0058388,0.013386,-0.0067703,-0.021199,-0.0013194,-0.0086373,-0.0057286,-0.011577,-0.0084386,-0.010399,-0.012887,-0.0049456,-0.0014582,-0.011517,-0.014969,-0.0046102,0.0051765,-0.0099549,-0.0046409,-0.021009,-0.0063176
-0.01406,-0.0077451,0.013231,0.0013176,-0.0008184,-0.0076314,0.014472,0.013819,0.012721,0.015335,0.010135,0.032476,0.039129,0.0088556,0.025563,0.0041177,0.018938,-0.010574,0.018882,0.0066718,0.012544,-0.0056373,0.023442,-0.016283,-0.029337,0.00018129,0.0024934,-0.0022388,-0.014562,-0.0027937,-0.033447,-0.026864,0.015213,-0.013635,-0.00024973,0.017694,0.0094099,-0.020166,0.0015482,-0.012165,-0.019508,-0.0050161,-0.010709,0.024068,-0.013411,-0.002029,-0.0065649,0.011893,0.001201,-0.014543,0.0083761,-0.0087943,-0.0054605,0.012425,0.005132,-0.0066815,-0.0058141,0.019333,0.02554
-0.015144,0.0022327,0.0041091,-0.011581,0.0031826,0.012576,0.014553,0.01166,0.0072779,0.0030552,0.0077716,0.015888,0.017474,0.029465,0.027651,0.015412,-0.00057911,-0.0034571,0.013247,0.010347,-0.0084082,0.0029504,-0.0073456,0.009814,-0.00045951,-0.0046738,0.00042152,0.0063739,0.0080056,-0.0061494,-0.010603,-0.0072429,-0.01844,0.0030169,0.006051,-0.011245,-0.032395,0.028348,0.0090742,0.0040872,-0.019891,0.013502,-0.0024728,-0.0030253,-0.0097408,-0.014491,-0.0021282,0.014574,0.019952,0.014795,-0.012502,0.013212,-0.0069733,0.018834,-0.012089,0.0089561,0.021393,0.001655,0.014609
-0.0033098,0.00066659,0.0073023,0.0024843,-0.0024432,-0.00023718,-0.00011307,0.0071791,-0.0011781,0.021615,0.0002153,-0.0067901,0.05206,0.0040284,0.018991,0.025171,0.011424,0.012702,0.0086572,0.0037598,0.031919,0.024336,-0.0073835,-0.014767,0.016773,-0.0066182,-0.00012941,0.01084,0.0044728,-0.023523,-0.012999,0.0049675,0.0018439,-0.011777,-0.0072536,-0.018227,-0.0015283,0.01885,0.013932,0.0060567,-0.021191,0.018797,-0.0095637,0.0074109,0.0029575,0.0010824,-0.0073378,0.0066047,0.013128,0.0037998,-0.0091581,-0.0025052,0.0085586,-0.0042831,-0.0029163,0.0096568,0.002323,-6.3355e-05,0.0013941
0.010387,0.016803,0.00045424,0.01375,0.0047489,-0.0060865,0.0092677,-0.015015,0.0058915,0.02988,0.032657,0.041779,0.047639,0.034006,0.01049,0.024071,0.021184,0.018947,0.014256,0.014881,0.026797,0.0096435,0.0071775,-0.016216,-0.009042,0.0062634,0.0045983,-0.0043632,-0.00077697,0.024078,0.019403,-0.03346,0.012136,-0.0043994,0.0034056,0.00068114,0.0046766,-0.013838,-0.022398,0.0026196,-0.0019435,-0.01543,-0.0015969,-0.024412,0.0071165,0.013978,-0.015179,0.00065762,0.0092931,0.00017246,0.0044874,-0.0026875,0.00054361,0.012644,0.0065825,-0.015263,0.0144,0.0038069,-0.009992
0.004365,0.0098524,0.008548,0.016234,0.009236,0.0018267,0.012978,0.0028228,0.013808,0.032176,0.026401,0.041594,0.047062,0.045334,0.038379,0.0077006,0.015005,0.017701,0.00084548,0.0076105,0.0059276,-0.0035541,-0.0024806,0.015392,0.0070003,0.00036616,-0.0016687,-0.0037462,-0.003895,0.016958,0.0011017,0.0045171,0.0020248,0.0073399,0.017204,-0.00067419,-0.0080847,0.0037202,-0.00035844,-0.013274,0.013515,0.006027,0.0080968,-0.0057202,0.0041457,-0.0081312,0.0089215,0.0007239,-0.0026759,-0.011064,-0.0076596,0.00026081,0.0055564,-0.0085059,0.0038455,0.045874,0.0016999,-0.01182,-0.022301
0.010696,-0.0096784,0.0026447,-0.0015517,-0.0086512,-0.0089256,0.013743,0.019225,0.0044012,0.013673,0.041791,0.018288,0.06295,0.050516,0.024055,0.025146,0.0011353,0.0025307,0.035567,-0.0066855,-0.0035257,0.0039711,-0.0010913,-0.0073453,0.0044327,0.020893,-0.0040353,-0.00075014,-0.013977,0.0050264,-0.0015978,0.0041831,-0.031162,-0.0081108,0.0071702,-0.0051109,0.024302,0.0069884,0.012689,0.0082367,-0.0048666,0.0052697,-0.018699,-0.017389,0.0010686,0.00087642,-0.0013399,-0.0045439,-0.011995,0.012869,0.0068195,-0.0042716,0.0057351,-0.0051833,0.016356,-0.0049654,0.0030225,-0.0030254,0.012439
-0.0014781,-0.001527,0.0027966,0.00507,0.0083578,-0.006758,-0.0048862,0.0056049,0.0048334,0.0030369,0.022655,0.057843,0.04992,0.048217,0.016912,0.01502,0.025646,0.0020917,0.039374,-0.0029525,0.0088382,0.0034013,-0.0020554,-0.02339,0.008601,-0.00037564,0.012308,0.0072218,-0.0070232,0.010139,0.00044831,0.027021,0.00039387,-0.026562,0.013696,-0.0042236,0.024822,-0.025263,-0.016867,-0.010751,6.934e-05,-0.0040814,-0.023857,-0.018114,-0.00064057,-0.012919,-0.010747,0.0017822,-0.017489,-0.010499,0.01183,-0.023539,0.00011242,-0.01698,0.0046232,-0.0047627,0.0093828,-0.0099975,0.0059028
0.017742,-0.0042676,-0.0077596,0.00011763,-0.0014783,-0.01718,0.022506,0.01574,-0.0062591,0.0047684,0.021483,0.067052,0.070798,0.049578,0.013643,0.0021269,0.0022326,0.0099946,0.0068085,-0.010188,0.018853,-0.00070133,0.018446,-0.016629,-0.0062663,-0.019779,-0.0026671,0.025173,0.0045227,0.018761,-0.0077233,-0.011151,0.0022908,-0.021452,-0.013818,0.011098,0.00091816,-0.0080559,-0.026321,-0.01272,0.0069628,-0.010912,0.0010546,0.011709,-0.001938,-0.00037213,0.017432,-0.02044,-0.008729,-0.0067997,0.014648,-0.0098106,-0.025889,-0.0088142,-0.0015764,0.01729,-0.0089295,-0.012093,0.0047592
-0.0014506,-0.0025095,0.015724,0.013277,0.0070679,0.018581,-0.026321,0.0022479,0.017172,0.021764,0.042691,0.063328,0.053277,0.028275,-0.00012776,-0.011712,0.01129,0.0012601,-0.0052978,0.02054,0.01552,0.013262,0.017143,-0.0082514,-0.0094644,0.0036628,-0.016492,-0.00070642,0.0068983,-0.0071579,0.0013751,0.0056148,0.016645,-0.028706,-0.007518,-0.011234,-0.0022819,-0.0018042,0.015,-0.028536,-0.0010363,-0.0079329,-0.0078141,-0.00030293,0.010368,-0.0085164,0.0065688,0.0047835,-0.0018556,0.015978,0.00041265,-0.0012743,0.012455,0.0026005,0.0082841,0.0082546,-0.0041538,0.001475,0.0049548
0.017132,-0.007401,-0.0082599,-0.0028364,0.0069296,0.025977,0.036652,-0.020105,-0.010459,0.009874,0.013717,0.03245,0.05725,0.039885,0.023053,0.01534,0.022723,0.025394,0.020039,-0.00039465,-0.020476,-0.0053188,0.016644,-0.00073682,-0.013625,-0.0010692,-0.00922,0.0044294,-0.0060611,0.0020258,0.017794,-0.0059913,0.00281,0.0066423,-0.0019655,-0.011762,-0.011093,0.015953,-0.020262,-0.010229,-0.0022036,0.024271,0.0023238,-0.0021841,-0.017404,-0.0022387,-0.0060937,0.0045501,0.0014315,-0.0066468,0.0032328,-0.00064506,0.015441,0.0057644,-0.0032933,-0.010586,0.0063112,-0.016831,0.002773
-0.018467,0.01259,-0.012068,-0.020298,0.0086773,0.0080333,-0.013064,0.005081,0.0042,0.015159,0.037669,0.073937,0.03801,0.018416,0.026563,0.021234,-0.0020736,0.016298,0.0078532,0.031066,-0.0061221,0.0048331,0.014036,0.048542,-0.013634,-0.015958,-0.016398,0.0083149,-0.00075596,-0.0027936,0.026348,0.0093019,-0.016184,-0.0066508,-0.0016575,0.0059108,-0.019626,0.0035335,0.003329,-0.020203,0.0038685,0.003541,-0.021515,-0.0063753,-0.0038055,-0.0078369,-0.0080967,0.0015642,-0.0061617,0.0090601,0.028087,0.015389,0.0039242,-0.012329,-0.00097694,0.012425,0.0078423,-0.032125,0.0070541
-0.0045434,0.021865,-0.0023454,0.00096702,-0.00098485,0.0062565,0.0085604,0.024152,0.017586,0.039629,0.07285,0.069041,0.042203,0.019394,0.031619,0.0070349,-0.0011359,0.020397,0.017643,-0.01253,0.015224,0.010858,-0.011626,-0.016848,0.020023,0.013722,0.0053035,-0.033129,0.016144,-0.0052383,0.024329,0.023668,0.020659,-0.011453,-0.0097655,0.0051837,0.0021329,-0.005128,0.01073,0.013505,0.0090168,-0.0067911,0.014468,0.0069394,-0.0094269,-0.0020444,-0.010301,-0.0097524,-0.026203,-0.0015868,-0.013359,-0.0089561,-0.010932,0.011882,0.011023,0.0014002,0.010292,-0.010136,-0.0010239
0.00029866,0.011507,0.0023936,0.015092,0.012899,-0.0063207,-0.026826,-0.0073614,0.032051,0.024889,0.069892,0.061491,0.015233,0.027408,0.00073137,0.011014,0.0082391,0.0097734,-0.0042953,-0.0053687,-0.011268,0.0034395,0.0078884,-0.0068404,0.0092785,-0.0098738,-0.0023217,-0.012867,0.01763,-0.0038321,-0.00046983,0.018572,-0.0078381,0.0073355,-0.013651,-0.015232,0.0073762,-0.017829,4.0382e-05,0.0014672,-0.014191,-0.038462,0.0029123,-0.0072851,0.030632,-0.01262,-0.0081955,0.0041641,-0.017383,0.031635,-0.0012149,-0.0053808,0.012611,0.0032421,-0.018323,0.012223,0.012081,-0.001166,-0.0012018
-0.0079169,-0.021982,0.0031834,0.0077271,-0.0065158,0.0032567,0.0011571,0.0048158,0.0090655,0.020657,0.057438,0.070214,0.048267,0.010429,0.0054805,0.005496,0.011625,0.00028099,-0.0044429,0.016442,-0.0044542,0.0053545,0.0045017,-0.0025521,-0.0063417,-0.0055853,-0.0060249,0.018156,-0.014398,0.0019685,-0.01388,0.01993,0.002565,0.015498,-0.0019109,-0.019286,-0.031633,-0.030702,-0.015784,0.0051209,0.011481,-0.019371,0.016936,-0.00030643,0.017264,0.022406,0.0107,-0.0092826,8.6142e-05,-0.016171,0.012518,-0.002112,-0.018041,8.5275e-05,0.0069973,-0.0027392,-0.0035288,0.03087,0.016918
-0.0066577,-0.0023253,-0.011029,-0.0010825,-0.0074184,-0.012458,-8.0152e-05,-0.0051542,-0.00082058,0.021751,0.025072,0.081861,0.028456,0.024834,0.019056,0.0041967,-0.01071,0.0020233,0.0018448,0.0026088,0.010526,0.030385,0.0074702,-0.0098011,0.010275,-0.0040649,0.02672,-0.012823,-0.0071626,0.021612,-0.0064262,-0.0019489,0.0065367,0.00060547,0.020328,-0.023313,-0.0058388,0.022491,-0.012653,0.015365,-0.024996,-0.016914,0.0033951,0.013682,0.0023316,-0.026954,-0.0035536,-0.009042,0.0047321,-0.0064419,0.010181,0.0016441,-0.0049897,-0.0044868,0.0060781,0.0063824,0.012132,0.0087941,-0.021076
0.010609,-0.0011521,-0.0068207,0.0092823,-0.0041541,0.011419,0.001091,0.017789,0.014275,0.03253,0.068885,0.052995,0.02286,0.00068415,0.0036842,-0.01105,0.028798,0.027464,0.010031,-0.03513,-0.014125,0.00079781,-0.010138,0.0077773,0.0064205,0.0047286,0.014962,0.014542,0.028904,-0.0032346,-0.011195,-0.015577,0.0081214,-0.0086319,-0.0086955,-0.005538,-0.0044212,-0.0037015,0.0056794,-0.011581,-0.011033,0.0051015,0.0094744,0.0036679,0.0026787,0.017441,0.0023318,0.0091871,-0.0045974,0.015592,0.01052,-0.0037171,0.017654,0.012217,-0.016166,0.010767,0.0094134,-0.0054342,-0.0040443
-0.0058378,0.0029749,-0.014742,0.030155,-0.015695,0.0079248,-0.0004409,-0.001088,-0.00015374,0.025016,0.0695,0.038538,0.045091,0.027639,0.0073982,0.014024,-0.00035297,0.0070679,0.0083861,0.014811,0.0021721,-0.0042177,-0.0019601,-0.020109,0.0020776,-0.0033126,0.024661,0.0015207,0.0052382,0.025302,0.0029319,0.024187,-0.0028255,0.0013905,-0.0028724,5.0309e-05,0.0021555,-2.7918e-05,-0.011203,0.0066,-0.0052706,0.0038554,-0.00023439,0.022098,0.0027687,-0.015984,-0.011826,-0.016885,-0.022227,-0.013555,0.0055002,0.0083432,0.00022656,0.0069522,0.0098485,-0.0091987,0.012172,-0.0060789,-0.013893
-3.0103e-05,-0.0013357,-0.0063393,-0.0039075,-0.0039698,0.014534,0.025393,-0.0039101,0.014153,0.033876,0.056825,0.062038,0.0052541,0.022202,0.011146,0.016343,0.014547,-0.021027,0.017187,0.017991,-0.0020689,0.012706,0.0049304,0.0097723,-0.0053803,-0.012525,0.013263,-0.029583,-0.014454,-0.0084415,-0.0034282,0.012792,0.031603,-0.00021382,-0.0086968,0.0086217,-0.0087707,-0.006714,0.010263,0.0014279,-0.0043514,-0.011035,0.0069555,-0.0073776,-0.011715,0.020347,0.025492,-0.014426,-0.021037,0.020823,0.0026396,-0.0063844,-0.011163,0.0061973,-0.014635,-0.01881,-0.0096724,-0.0024369,-0.021294
0.0046445,0.0029841,0.011488,0.031901,-0.020074,-0.013117,-0.0021747,0.02012,0.01371,0.0037184,0.06487,0.051089,0.0095593,0.0065285,-0.010085,0.0077254,0.0028521,-0.0040169,0.013202,0.02831,-0.016495,0.002503,-0.001174,-0.008547,-0.011768,-0.008838,0.015794,0.0090936,-0.016915,-0.0026829,0.042078,-0.003409,-0.0019246,-0.0037845,-0.0083683,-0.018598,0.0059057,-0.0010615,0.022219,-8.1482e-05,-0.011988,-0.021697,-0.0020236,0.00070241,0.010754,-0.0016989,-0.00079205,-0.016341,-0.019916,-0.013038,-0.01084,0.00040625,-0.0016185,-0.0010697,0.0079259,-0.0048455,0.0049688,0.0027902,0.0079679
-0.014062,-0.00056537,0.0063283,-0.0078872,-0.017797,0.011208,0.0043583,0.0096365,0.01421,0.037461,0.073491,0.029734,0.025465,0.018321,0.015877,0.0015039,-0.011103,-0.026014,0.020442,0.022867,0.019424,-0.0017854,-0.0040661,-0.013115,-0.0025485,0.0033447,-0.0054918,-0.001851,-0.0049143,-0.001891,0.0024199,0.024593,-0.0006082,-0.0018272,-0.0049321,-0.021835,-4.1556e-05,-0.013914,-0.0041811,0.0094606,-0.0080392,-0.0064333,-0.0027613,0.0024038,0.009702,0.0035979,-0.0028062,-0.012011,0.012708,-0.014154,0.01478,-0.0092692,0.0081827,0.0080289,-0.0068555,0.0077705,0.0059659,0.022579,-0.01256
-0.013573,0.0062746,0.0067644,-0.018563,0.0014441,0.0015022,0.0040953,-0.025787,0.0098386,0.029477,0.041602,0.010716,0.0025041,0.0114,0.003297,0.0063598,0.010065,-0.0091317,0.0072716,0.025042,0.0084874,0.006075,0.01477,-0.0068081,0.0090584,-0.00023216,-0.016541,-0.0068599,0.019008,0.0067566,0.011661,0.013151,-0.014944,0.014435,0.021424,-0.0083635,-0.019772,0.016077,-0.016153,0.01836,0.003712,0.023008,0.012561,-0.0025262,-0.012116,0.0056457,-0.0038479,-0.0077122,-0.0045063,-0.00019836,0.017706,0.023973,0.0046052,-0.0093986,0.012558,0.0034985,0.010677,-0.013823,-0.015137
0.0044806,-0.0080071,0.0043976,0.0054529,-0.012018,0.0094255,0.0076849,0.017016,-0.017576,0.021693,0.069307,0.049412,0.0057671,0.0024857,0.028989,-0.017724,0.0051117,0.0039773,0.018027,-0.0016364,0.017689,0.01408,-0.014237,0.020918,0.0094556,0.018546,0.0079325,-0.0030055,-0.0058138,0.012999,0.0017809,0.0056256,-0.0030265,0.014458,0.0036665,0.011757,-0.0054637,-0.002979,0.0063449,-0.016462,0.021216,0.021127,0.0078305,-0.002671,0.0029648,-0.0008218,0.010579,0.0040392,0.0018797,0.021134,0.0095534,0.00058948,-0.0035524,-0.015443,0.0036104,-0.0025192,-0.014698,0.011034,-0.0064598
0.0085285,0.0053812,0.015739,-0.00077943,-0.017658,0.0031584,0.013906,0.025723,-0.0057411,0.033831,0.043149,0.018253,-0.0023811,0.024633,0.0020078,-0.0044227,0.0099177,-0.0096607,0.0042525,-0.0085515,-0.0066483,-0.014453,0.0081228,-0.0058694,-0.021137,-0.0023558,0.0013811,0.020473,-0.0080878,-0.009555,-0.014509,0.011225,-0.0032761,-0.0014399,-0.011266,0.0049464,-0.017495,-0.0054459,0.0036841,0.0035128,0.0056878,-0.012775,0.0025007,-0.020497,0.012953,0.0069968,-0.0043352,-0.00033944,-0.0085802,0.019712,-0.016494,-0.0077772,-0.0165,-0.017306,-0.0039291,0.0011164,-0.013233,-0.0054893,-0.0035885
0.0085915,0.0033027,-0.013214,-0.012831,-0.013237,-0.014833,0.0008989,0.013988,0.0043158,0.027029,0.021739,0.0029456,0.0092643,-0.0021658,-0.0081321,-0.016602,-0.0074541,0.0078623,0.004809,-0.020634,-0.0016504,0.0078434,0.0017949,0.0049333,0.0019007,-0.0055929,-0.018729,0.0043541,0.01429,0.00053491,-0.0097619,0.014263,0.005059,0.011047,-0.0026391,0.010714,-0.0041022,0.00028286,0.018445,-0.011919,-0.010849,0.0051726,0.011595,0.01453,-0.0033633,0.0023109,0.019701,0.0075532,0.0042989,0.0020251,-0.0043563,0.00046771,-0.009878,0.011829,-0.011187,0.023722,0.002637,-0.014676,-0.02233
-0.021881,0.0022466,-0.017637,0.001465,0.0049851,0.027868,0.0080415,0.00021555,-0.0029726,0.037562,0.013177,0.01313,-0.0056649,0.00099739,0.0048265,0.0042796,0.0044016,-0.018896,-0.012215,-0.0096737,0.012008,-0.020217,-0.0038714,-0.014566,0.019859,0.003857,0.012854,0.016452,-0.003813,0.022728,0.0042534,-0.016364,0.0082777,-0.0056254,-0.0049406,0.0036859,-0.019152,-0.0040293,-0.01425,-0.025866,0.0015266,-0.0050592,-0.00048794,0.0085425,-0.010776,0.00034243,0.015942,-0.026757,0.0029528,-0.0070247,-0.0048279,0.018408,-0.0032288,-0.0023792,0.0024391,0.0094942,-0.017393,0.024259,-0.01445
-0.015523,0.010751,0.0041419,-0.010319,0.013602,0.0020837,-0.0020502,0.0054965,-0.0007492,-0.00032286,0.01724,0.033595,0.0091516,0.016111,0.0066028,0.0022122,0.012202,-0.018597,-0.0097482,0.002982,-0.012446,0.034013,0.0077659,-0.0036457,8.5833e-05,0.0046197,0.00019552,0.017217,0.012116,-0.002133,-0.0054897,-0.023336,0.0029181,0.021892,0.035344,0.00022529,0.019798,0.0095451,-0.0088381,-0.0057501,-0.0098153,0.016475,-0.00080275,-0.00029276,-0.012066,-0.0072798,-0.0012074,-0.011811,-0.013021,0.012362,-0.0098641,-0.0012785,0.0066361,0.0020874,0.0028918,-0.0064249,0.0040878,0.013364,-0.012489
-0.028237,0.0074908,0.017837,-1.3397e-05,0.0022362,-0.0216,-0.0081417,-0.010407,-0.017793,0.003679,0.012951,0.016854,0.022466,-0.0089452,-0.0089404,0.0094149,-7.8505e-05,-0.00064801,-0.020263,-0.036116,-0.008674,-0.00498,0.0070404,0.0045298,0.0094105,0.0013281,-0.0081093,0.014911,0.0086202,0.0047815,0.010398,-0.0080972,-0.0093062,-0.013005,-0.0039535,-0.006371,0.0089558,-0.017748,0.011328,0.0023972,-0.0088278,-0.020869,0.0018871,-0.014689,-0.011452,-0.0034348,0.0044783,-0.0032317,-0.0095236,0.0050562,5.1483e-05,-0.0030887,0.003945,0.016441,-0.010963,0.0048717,0.0065351,0.02699,0.023635
-0.029944,0.004248,1.3367e-05,-0.0084225,0.0092557,-0.0069011,0.0012331,0.0026703,-0.020213,-0.0031368,0.015559,0.0054554,-0.0047236,-0.0042741,0.0060699,-0.0091731,0.00077296,-0.016433,0.016612,0.021314,0.0017621,-0.0086303,0.011964,-0.026052,-0.016309,-0.0020372,-0.012772,0.0060571,0.015159,0.006912,-0.0069042,-0.0046761,0.0051577,0.017654,-0.013242,0.00024856,0.016194,0.0035901,0.0098646,0.015452,-0.019519,-0.017846,0.0037061,-0.004806,-0.0037123,0.0094815,0.0017443,-0.032273,-0.0052624,-0.005992,-0.004794,-0.0036311,-0.0082212,0.0037656,0.014521,-0.012502,0.00029142,0.01257,0.0079362
0.0026948,0.017541,-0.010173,-0.00033766,-0.023786,-0.0027197,0.0028859,-0.0078841,-0.026337,-0.01729,-0.0060554,-0.0019232,-0.0067984,0.015994,0.01774,0.0088419,0.011626,-0.017981,-0.001048,-0.0085568,-0.0088413,0.0096641,0.011354,0.0046616,0.027061,0.01305,-0.0028984,0.011337,-0.0034042,0.0041378,-0.010963,0.0064777,0.017184,0.031572,0.017147,0.022595,0.005295,0.022331,-0.021107,3.1351e-05,-0.013311,0.017285,-0.0041901,0.010772,-0.012567,0.0067435,-0.0046827,-0.024673,-0.013582,0.0091789,-0.0047157,-0.0029082,-0.030753,0.0081652,0.020684,-0.0056445,-0.0023142,0.012839,0.017127
-0.010822,0.0010629,-0.0077022,0.013559,-0.01268,-0.013377,-0.01914,0.010846,-0.0147,-0.043647,-0.013294,-0.021401,-0.00551,-0.010009,-0.015467,-0.0018484,0.0022106,-0.010687,-0.017191,-0.0068099,0.012071,0.017513,-0.0031949,0.0013473,-0.0084343,0.0028438,-0.0062388,-0.0025838,0.021523,-0.010553,0.00070361,0.00528,0.0071043,0.0054438,-0.0094532,0.0026652,0.0040127,-0.01383,0.0056433,0.0063571,-6.4275e-05,-0.0081248,-0.018218,-0.016597,-0.015916,0.0117,0.0069093,-0.0084277,0.0042629,-0.0068456,0.0081337,-0.0017093,-0.0043238,0.0036749,-0.0011136,0.01211,-0.021296,-0.0062564,0.00086803
-0.021402,-0.0054467,-0.0036887,0.011318,-0.019921,-0.0078513,0.0060813,-0.022236,-0.036189,-0.085133,-0.031653,-0.015233,-0.019252,-0.00124,0.011124,-0.022482,0.0015508,-0.0018871,0.0014737,-0.012946,0.00087978,-0.012481,0.0050631,-0.0039238,0.023546,0.0073632,-0.0038619,0.0025142,-0.004858,-0.016412,-0.013373,-0.016268,0.0013198,-0.0033062,0.015385,-0.01585,-0.008314,0.0088048,0.0051669,0.00491,0.022952,-0.00063313,0.017267,-0.0083909,-0.0084615,-0.010498,0.0086621,0.0054321,-0.039373,0.0032015,-0.009426,0.0051483,0.00038148,-0.014412,-0.01134,0.0024624,0.005006,0.022423,-0.016419
-0.028555,-0.021872,0.011768,-0.00084578,-0.0076034,-0.013053,0.0027498,-0.036747,-0.076652,-0.044501,-0.0035921,-0.026233,-0.020763,-0.0063008,-0.019017,-0.0070026,0.010401,0.0080131,0.0062395,-0.0067748,0.0013107,-0.012222,0.0012917,-0.003939,-0.0033423,-0.0065874,-0.015268,-0.0020652,-0.0011155,0.00031039,0.015433,0.00081943,-0.0022057,-0.001396,0.011737,-0.00251,-0.013075,0.0047368,0.0078589,0.015453,-0.0010832,0.00076395,-0.028207,-0.0050152,0.017735,0.0081848,0.0023859,-0.0052587,0.0079131,0.0035976,-0.0049601,-0.016325,-0.0051223,-0.029498,0.017208,0.0098589,0.0063828,-0.017137,0.0097864
-0.012923,0.015639,-0.0017041,-0.010705,-0.029762,-0.010191,-0.011143,-0.023623,-0.094529,-0.05318,-0.052059,-0.014421,-0.01139,0.0095711,0.0076556,0.011451,-0.012388,-0.01262,0.0010406,-0.017856,0.0058696,-0.0095944,0.0024695,0.028356,0.01118,-0.02374,-0.0018902,0.0048376,0.0050576,-0.015787,0.015411,-0.018707,-0.017232,0.007525,0.0061827,-0.014549,-0.020097,0.014363,0.01949,-0.010698,-0.0066067,0.0046848,0.003113,-0.0132,-0.029054,-0.0076609,-0.015946,0.019048,-0.01644,0.011255,-0.014936,-0.0026739,0.0008148,0.0048691,-0.023236,0.00043836,0.00050512,0.0056129,-0.0086044
-0.010184,-0.015781,0.0061819,-0.0044958,0.0050108,-0.036522,-0.029012,0.00029394,-0.068405,-0.087718,-0.045571,0.0021056,-0.010753,0.011554,0.0085635,-0.010609,0.016692,-0.021219,0.0012481,0.0020818,0.011377,-0.019868,0.012113,0.010986,0.0044652,-0.023625,-0.027454,-0.016414,0.0043992,-0.0176,0.007441,-0.012468,-0.0081568,-0.004957,-0.0053733,0.017727,0.0015943,0.020132,0.00085159,-0.0065484,0.00391,-0.020429,0.0065975,0.011012,-0.0093859,-0.013518,-0.012075,-0.0037113,-0.0080651,0.0083572,0.029323,0.0052029,0.00082205,0.0070842,-0.0098441,0.01654,0.0099214,-0.0020237,0.0079198
-0.012732,-0.007086,-0.0094016,-0.011873,0.0096836,-0.032358,-0.019073,-0.041085,-0.10495,-0.09056,-0.048537,0.0062263,0.00042913,-0.0020866,0.002008,0.0035101,-0.0087319,-0.0036313,-0.0049078,0.00029926,0.0015677,0.0035238,-0.0016204,-0.0053895,0.01952,-0.010227,-0.0028583,0.0041818,0.016793,0.013117,-0.004106,0.012977,0.00021876,0.00226,0.0020471,-0.0079808,0.015613,0.005901,0.0084231,0.015059,-0.0091877,0.002464,-0.008487,0.0099726,-0.0088036,-0.027614,-0.012345,-0.01014,-0.02042,0.0064244,0.0033346,-0.0017512,0.010552,0.0071057,-0.026609,0.0037707,-0.02254,-0.016127,0.025612
-0.0054622,0.0052151,-0.0027044,-0.025616,-0.037914,-0.022754,-0.032673,-0.066172,-0.11861,-0.045171,-0.043827,-0.037669,0.0031241,0.0055917,-0.00019336,-0.0041952,-0.0056202,0.010914,0.0028749,7.9382e-05,-0.022674,0.019326,0.0081274,0.021751,1.0829e-05,-0.0055608,0.0018672,0.010417,0.014108,-0.0048402,0.007748,-0.022573,-0.017983,-0.012257,0.012543,-0.0048442,-0.0033341,-0.014181,-0.023158,-0.00085289,0.00068621,0.027459,-0.0098315,-0.0069705,-0.0010892,-0.017987,-0.0095801,-0.0011509,0.0039267,-0.01731,-0.006203,0.009266,-0.0037019,0.015428,-0.0091586,-0.0090825,-0.016217,-0.013254,-0.011616
-0.01944,-0.00013705,-0.015216,-0.010817,-0.014395,-0.00080329,-0.017289,-0.057284,-0.11733,-0.056907,-0.033105,0.0046578,-0.010652,-0.018689,0.0049713,-0.011912,-0.010926,0.0073377,0.0055187,-0.018259,-0.0184,0.0053926,0.0023552,-0.00058854,0.0032288,0.0076596,0.00089217,0.0015856,0.0016687,0.01053,-0.016585,0.0054922,-0.0082414,0.011465,0.0013049,-0.0035516,-0.001469,0.010251,-0.0042218,0.0075593,0.0088995,0.012357,0.00024657,-0.0066592,0.011846,-0.0077651,-0.013287,0.0006709,0.024933,-0.011972,0.013893,-0.0012222,-0.0052373,-0.0013482,-0.010968,-0.003298,-0.0042184,0.0034154,0.0003079
0.0034852,-0.0048031,0.0075106,-0.016603,0.0057728,0.000719,-0.0235,-0.06142,-0.10312,-0.057709,-0.047096,-0.02453,-0.003582,0.0056464,-0.01652,-0.0075316,-0.0046249,0.0048377,-0.017553,-0.0042386,0.026489,0.025171,-0.0091784,-0.0046524,-0.0065566,-0.0071279,-0.0065861,0.012598,0.017132,0.014675,0.011874,-0.0061903,-0.0053996,-0.00089924,0.0086751,0.0094294,0.007981,0.0032796,0.01424,-0.0026739,0.013726,0.0026856,0.012545,-0.019429,0.0055564,0.0045007,-0.0051136,-0.00031344,0.024322,0.013555,-0.0084734,0.0055556,0.020187,0.023299,0.018569,0.016286,-0.0001655,0.011228,-0.012108
-0.013547,0.0080577,-0.005571,0.016426,-0.019434,-0.0076131,-0.041437,-0.04237,-0.087219,-0.049713,-0.038632,-0.026911,-0.014873,-0.019478,-0.0051453,-0.02072,-0.015353,0.0063044,0.0087097,-0.0051977,0.011024,0.020381,-0.0021052,-0.0088372,-0.0080514,0.023473,0.0047804,0.0011447,0.018539,-0.020576,-0.0054497,-0.0032282,0.00045007,-0.02356,-0.015833,0.0086773,-0.017962,0.0086998,0.021745,-3.2601e-05,0.02568,-0.013482,0.0042122,0.0055264,0.015674,-0.0057738,-0.00053724,-0.00059772,0.0040438,-0.0055793,0.022206,0.01295,0.010892,-0.0033159,-0.0041092,-0.0012875,-0.0053375,0.0040479,0.011173
0.018133,0.01549,0.0077923,-0.011061,-0.018042,-0.0089156,-0.02626,-0.062952,-0.056252,-0.054605,-0.016148,-0.011151,-0.011239,-0.016794,-0.0015368,0.015335,0.020454,0.014128,-0.01567,0.015391,-0.0063745,0.012523,0.033465,0.0071193,0.033757,0.014535,0.019944,0.020994,-0.0065657,0.0071333,-0.00075196,-0.0065621,-0.017773,0.0088186,-0.0072766,-0.014362,0.012918,0.0023047,0.012875,0.026981,0.0042754,0.0056895,-0.014755,-0.00077598,0.018357,-0.0067003,-0.0048615,-0.010995,-0.0054761,0.0095139,0.013271,0.026917,0.011497,0.0043827,-0.012335,0.025365,-0.0020255,0.0090503,-0.0085677
-0.024096,0.017062,-0.001266,0.00035619,-0.023543,-0.014819,-0.030377,-0.073247,-0.074505,-0.03156,-0.0067145,-0.010828,-0.012788,0.00079091,-0.0086864,-0.0044202,-0.0076355,0.017792,0.0045294,-0.011989,-0.0033244,0.010962,0.0035127,-0.012898,0.0056127,0.0055144,0.00076967,0.017872,0.011209,0.0040509,-0.02417,0.002764,-0.012673,0.019729,0.0063195,-0.0038905,-0.00022378,0.0054166,-0.0029948,-0.020187,0.029355,-0.00093097,-0.0056931,-0.012387,-0.00054116,7.9526e-05,-0.0093308,-0.0031969,0.0019812,0.0030972,-0.0022671,-0.00093756,-0.0012585,0.0033987,0.0046887,0.0019178,0.0023633,-0.00047065,0.010304
-0.013197,0.0044018,-0.00015207,-0.010946,0.025071,0.00020281,-0.025094,-0.039974,-0.08314,-0.046269,-0.024716,-0.025838,-0.02979,-0.008069,-0.005749,0.0036041,-0.018956,-0.0078777,0.016899,0.018636,-0.021453,0.018906,0.0036911,0.002798,-0.00093574,0.013575,-0.00023465,-0.0077011,0.014467,-0.01525,0.0079824,-0.030215,0.00070028,-0.0028816,-0.01295,0.0050133,0.026886,0.0037388,0.011028,0.0058822,0.0060862,-0.007184,-0.0067144,0.0069563,0.0026208,-0.02859,-0.022582,0.0031712,-0.0034463,0.0099071,0.011386,-0.00042213,-0.0014279,0.01923,-0.0064464,0.00012865,-0.0013836,-0.0035411,-0.015254
-0.0031176,0.018401,-0.012156,0.0049367,-0.018281,-0.0039449,-0.027458,-0.038668,-0.06593,-0.029288,-0.021522,-0.015751,-0.00992,-0.005771,-0.0029003,-0.016634,-0.010699,-0.0042037,0.0058286,0.013017,-0.010615,0.0018351,0.0088993,0.0063126,0.014556,0.00040501,-0.0074665,0.019418,-0.0044993,0.023152,-0.010917,0.0043422,-0.0010252,-0.015709,0.0084927,-0.001826,0.017293,0.00057248,-0.015518,-0.012166,0.01066,-0.020387,-0.017178,-0.010351,0.0061201,-0.017865,-0.015349,-0.0016812,-0.0023752,-0.0072571,-0.013465,0.0044458,-0.01623,0.017672,0.022703,0.0041385,0.0011621,-0.0062377,-0.0030088
-0.0066337,0.0079803,-0.01149,-0.013323,-0.018108,-0.017096,-0.035982,-0.07923,-0.069246,-0.056201,-0.040259,-0.0098142,-0.020831,-0.020202,0.0023956,-0.0051515,0.012407,-0.001072,-0.0013978,-0.001918,0.0016904,0.0088097,-0.010854,-0.00060599,0.0096147,-0.015109,0.009861,0.0046954,-0.0051299,-0.023723,-0.018678,0.0036526,0.022114,-0.0065257,0.008891,-0.0080028,-0.0053394,0.011434,-0.011961,-0.0036334,-0.0016872,0.017859,-0.0014967,-0.014867,-0.00015843,0.0037936,-0.018662,-0.00056674,0.020243,0.016801,0.017496,0.011674,-0.0081013,0.011339,-0.016656,0.012023,0.0087206,-0.010598,0.0082396
-0.010472,-0.008905,-0.011737,-0.0091026,-0.0098856,-0.032586,-0.032457,-0.065235,-0.05656,-0.026278,-0.022675,-0.0017935,-0.02567,-0.031528,-0.0024035,0.0026917,0.0072481,0.026226,-0.0036154,0.01001,-0.0048775,0.0019506,-0.0017468,0.018929,0.010558,-0.0088217,0.0023977,-0.01171,0.011075,-0.025344,-0.002243,0.0082172,-0.011321,-0.011588,-0.0068784,-0.013595,0.0068903,-0.0030078,0.0066089,-0.02722,0.014041,-0.011155,-0.0015755,0.0053085,-0.011724,0.0065452,0.010971,0.012326,-0.013087,-0.011328,-0.0065868,-0.00069366,-0.0066542,-0.0062982,-0.00035519,-0.0038948,-0.0028567,0.011422,0.0045994
-0.0096889,-0.0074844,0.00074619,0.015874,-0.01288,-0.006428,-0.025032,-0.016514,-0.060962,-0.027713,-0.033531,-0.0075479,0.0060624,0.00044516,0.0040894,-0.021151,0.018566,-0.0063276,0.011821,-0.016956,0.026146,-0.0075261,-0.0080024,-0.0074577,0.019651,0.0093496,-0.011635,-0.00076407,0.027602,0.0255,0.0084876,-0.015192,0.021331,0.016221,-0.007465,0.0031027,0.0025462,0.0014254,-0.013297,0.0089967,0.0025751,-0.0018873,0.022377,-0.022768,0.00025096,-0.0089813,-0.013072,0.0094801,0.0068839,-0.0006861,0.024727,0.007928,-0.00093845,0.0097123,0.018611,-0.0088588,0.0019081,0.013365,-0.0043876
0.00015885,-0.00070322,-0.0095643,-0.0081565,0.0018778,0.0017608,-0.020255,-0.042604,-0.069589,-0.042383,-0.00034985,0.0094932,-0.0029475,-0.0015534,-0.0034208,-0.026398,0.0098964,0.0033658,-0.0060448,-0.0022208,-0.0020911,-0.0043259,0.0075666,0.026687,0.0093706,-0.008995,-7.144e-05,-0.016713,0.012889,0.01194,-0.00020045,0.0039569,0.0042439,-0.0046952,0.010547,0.0055776,0.0073611,0.015041,0.016106,-0.0042536,0.014373,-0.0015771,-0.016124,-0.016209,0.0088946,0.030537,-0.0016096,0.0040767,0.012956,-0.0076541,0.017777,-0.015568,0.011291,-0.0075886,-0.0094015,-0.0043752,0.010221,-0.0019912,-0.0051483
-0.017344,-0.011466,-0.0050521,-0.010242,-0.023089,-0.0090296,-0.048029,-0.055177,-0.061772,-0.023624,-0.010722,-0.0034771,-0.0094203,0.0016808,0.015038,-0.0026606,0.018706,0.01325,-0.0043833,0.0041026,-0.0085131,0.0034948,0.026796,0.020636,0.00092703,0.0046319,-0.0090274,0.002885,0.0046456,0.0027221,0.0024903,0.002477,0.0072638,-0.010767,-0.027475,0.017834,0.0075451,0.023698,-0.026784,-0.0017547,-0.0051886,0.0010891,-0.0003899,-0.0083359,-0.013071,0.008816,0.011538,0.013219,-0.0082834,0.040775,-0.019623,0.013342,0.012095,0.0040868,-0.0088753,-0.008092,0.010694,-0.011319,-0.0060236
0.022594,-0.028856,-0.017721,-0.004002,-0.015716,-0.0048668,-0.023956,-0.050984,-0.039601,0.0030967,-0.0026419,0.016969,0.0062243,-0.019691,0.008582,0.016772,0.0029146,-0.011633,-0.0010409,0.024783,0.0076036,0.0028162,0.0059626,-0.0030117,0.011487,0.0040314,-0.00089438,0.0058704,0.0023034,-0.0075194,-0.0085245,0.00067858,0.015531,-0.00012166,0.030437,0.029875,0.026987,-0.0039756,0.0038634,-0.025327,0.016157,-0.0043329,-0.010058,0.0054648,0.021015,-0.008475,0.00988,-0.00013255,-0.010828,0.0045113,0.012736,-0.0018509,-0.00092897,-0.00052056,-0.0003249,-0.014101,0.027194,0.0002571,0.0096934
-0.0095434,-0.0040214,0.0054476,-0.0096763,-0.027916,-0.0048577,-0.026559,-0.0084712,-0.040291,-0.025406,-0.0021138,0.0025647,0.00054287,-0.020699,0.00096587,-0.016109,0.0013127,0.0044809,-0.0099146,0.012472,0.0092496,0.0093632,-0.016907,0.021504,0.018815,-0.0050316,0.012417,0.0054054,0.0026435,0.017545,0.013252,0.016461,0.0052886,0.0068973,0.0087998,-0.0025073,0.025388,0.012074,0.016025,-0.0086473,-0.0050433,-0.011084,0.0092132,-0.0023157,0.0076119,0.0034213,0.011187,0.024193,0.013501,0.017285,0.00849,-0.015017,-0.00017242,0.002199,0.0033862,0.00052747,-0.0089966,0.0039843,0.010618
-0.016424,0.028637,-0.015566,-0.021779,-0.00066944,0.0079026,-0.0066063,-0.024436,-0.031517,-0.022559,-0.03935,-0.027386,-0.0082367,0.021926,-0.018667,0.02365,-0.0082944,0.010013,-0.019126,0.003061,0.0043791,-0.00056724,0.0047996,0.030519,0.020313,0.0014636,-0.016307,0.011575,-0.0047859,-0.00046501,-0.001484,0.022557,0.0097444,-0.0021898,8.4584e-05,-0.007625,0.0095911,0.0083435,0.023162,-0.0072252,-0.0070505,0.014372,0.01659,0.0042122,-0.0041587,-0.0065777,-0.0079167,0.013282,0.0080444,-0.015097,0.0010259,0.0036099,0.012019,-0.021057,-0.0012721,-0.0013398,-0.009844,0.010046,-0.0060923
-0.018153,0.0085078,0.00055697,-0.0042236,-0.0057937,-0.0089077,-0.027985,-0.031277,-0.022019,0.0013763,0.0010547,-0.013206,-0.009234,9.2856e-05,0.0076528,0.01302,0.014471,0.006484,-0.019491,-0.0019339,-0.0058414,0.0073312,0.0050778,0.00096367,-0.0082741,0.014701,-0.0086143,0.0018037,0.013871,0.016024,0.0051634,-0.012203,-0.011464,0.013753,0.0044798,-0.0021998,-0.017108,0.013181,0.00095218,-0.0057191,0.00039797,-0.007326,-0.011899,0.0066538,0.0092855,0.014394,-0.01178,0.00060378,-0.0030979,-0.0025245,0.016222,6.4079e-05,-0.0026742,-0.010733,-0.0088722,-0.0080881,0.01527,-0.00957,0.010472
-0.015768,0.0092822,-0.00051616,-0.032488,-0.0024031,0.0013145,-0.010525,-0.033807,-0.0099103,-0.010744,0.00041961,0.01684,-0.0052585,0.011877,0.0082398,-0.0074679,-0.01296,-0.010595,-0.0029412,-0.0020323,-0.01018,-0.0068434,0.0042635,-0.0064067,-0.016658,0.014495,-0.00028069,-0.0029922,-0.0089272,0.0077836,0.0072564,0.013657,0.0020226,-0.0045411,0.015591,0.011873,-0.011087,-0.0062334,-0.012433,0.0017256,0.010912,-0.0026977,-0.0037622,0.012222,0.011514,-0.0039102,0.027178,0.0024744,-0.013965,0.0074768,-0.00869,-0.0217,-0.013855,-0.0088612,0.0085627,0.00012716,-0.012503,0.0061906,0.0070054
0.0006972,0.0022884,-0.009949,0.0065498,0.010529,0.0015641,-0.014292,0.0015863,-0.0089677,-0.0035009,-0.020156,-0.027948,0.0049415,-0.0098592,-0.0013923,-0.013072,-0.0050639,-0.005999,0.01844,-0.0012236,0.014075,-0.0040796,0.010189,0.001252,0.0070477,0.023253,-0.0044216,0.0041724,0.01913,0.00436,-0.0062088,-0.0013222,-0.0073877,0.02355,0.020373,-0.001857,0.011204,-0.013538,0.0043193,-0.013624,-0.0036436,-0.023952,-0.018218,-0.014752,0.012127,0.0038873,0.0042944,0.01942,-0.015412,-0.023251,-0.0077485,0.017305,0.0017513,0.0073082,0.0062068,-0.0023599,-0.0021072,0.019763,0.015237
-0.0071813,0.015244,0.00075074,0.00077382,-0.0026632,-0.018099,-0.01497,-0.027253,-0.0013644,-0.0057128,3.0067e-05,-0.0078563,-0.0048825,-0.0055281,0.011059,-0.0027291,-0.0019726,0.011738,-0.00023971,-0.014637,-0.0018078,0.0073514,0.0069546,0.0048343,-0.0032272,0.014206,-0.0091354,-0.012137,-0.00020049,0.014553,0.0046657,0.014967,0.018348,0.017472,0.019422,-0.0089946,-0.011472,0.001579,-0.0065704,0.013193,0.017576,-0.0084025,0.0044203,-0.020805,0.012178,0.0048805,0.0012845,0.0083452,0.0038559,-0.01637,-0.0050867,0.0030909,0.0046392,0.0071701,0.0048003,0.014051,-0.0084291,0.011143,-0.022372
0.011933,0.0096365,-0.012832,4.1755e-05,0.013154,0.0032185,-0.022385,-0.0026341,0.0010908,-0.011608,0.021614,-0.0013075,-0.027602,0.0088881,0.0045757,-0.0098591,0.0080773,0.004439,-0.0089237,0.014739,-0.013296,0.0085169,-0.0093878,0.0022491,0.0058158,-0.011889,-0.0023161,-0.00070641,-0.015372,0.012094,-0.01764,0.0050676,0.011752,-0.015254,0.0030824,0.0062696,0.0053411,-0.0027068,0.010032,-0.0028692,0.016702,0.0075327,0.023458,0.012878,0.029698,0.021062,-0.0078291,0.016644,-0.0044005,0.019787,-0.0063272,0.0070075,0.00779,0.020404,0.0041122,0.0067058,-0.0013975,-0.01029,-0.0022669
-0.017662,0.020029,0.0016296,0.0094861,-0.025642,0.021239,-0.02055,0.010843,-0.019013,-0.02806,-0.017882,0.0084343,-0.012933,-0.0016496,-0.020723,0.0041306,-0.0037089,-0.016015,-2.1352e-05,0.0026744,0.0022838,-0.010238,-0.012618,-0.026732,-0.011563,-0.017052,-0.017273,0.044254,-0.0058339,-0.0037986,0.00032732,-0.017229,0.01339,0.0012112,0.0025285,0.0020196,0.010105,-0.0084605,-0.0060867,0.00686,-0.008429,-0.0061312,-0.020612,0.0072911,0.0092551,0.0097686,-5.7181e-05,0.0092521,-0.025142,-0.002058,-0.0018075,0.0095187,0.017537,-0.0092402,-0.0032585,0.0046436,0.0032254,0.003696,0.0078664
-0.0031085,0.01645,-0.0095082,0.0030597,0.0060903,0.0048035,0.0031808,-0.0044242,-0.0037215,-0.005617,-0.0071076,-0.0017263,0.0088665,-0.0084511,0.017528,0.010022,-0.0079559,-0.01897,-0.018203,0.0080282,0.024257,-0.011967,-0.0085861,0.007734,0.004586,0.027384,0.011186,0.0064476,0.0054335,-0.0052361,0.0103,0.013125,0.014432,0.005742,-0.0017306,-0.0081474,0.018569,0.004583,0.010228,-0.00050765,0.0085055,-0.012159,0.013576,0.0010805,0.010136,-4.3138e-05,-0.0046496,-0.021588,0.023798,0.0028011,0.011217,-0.0068097,0.0063328,0.011562,0.00737,0.0019058,0.041855,-0.0087663,0.020332
-0.010356,0.0046861,0.0005617,0.0016537,-0.0025787,0.0040702,-0.0054055,-0.013101,0.008764,0.01945,-0.0079823,0.0067022,0.00058483,-0.0038909,0.010888,-0.0053007,-0.0053998,-0.01114,0.017409,0.0054603,-0.0055906,-0.0016392,-0.0063934,0.0033296,0.0083173,-0.0087107,-0.011304,0.0023483,-0.00028417,0.0038641,-0.0095861,0.019547,0.0063604,-0.02633,0.015027,0.011944,0.015777,-0.0096603,0.02292,0.0070139,-0.0069032,0.015946,-0.0019844,-0.0046811,-0.010442,0.0090375,0.0089516,-0.0108,0.0023363,-0.018596,-0.011198,0.0087597,0.0025064,-0.0039579,-0.018114,0.0023727,0.0047398,0.019171,0.0092283
-0.021908,0.022394,0.0010425,-0.013548,-0.0094008,0.011546,-0.0081699,-0.0097803,0.0044756,0.0054992,0.0077705,-0.005738,0.00093643,-0.013803,-0.0038677,-0.01081,-0.013222,0.0084946,0.004477,0.0028804,-0.0032643,-0.0066296,0.0041278,0.0078366,0.0085557,0.0073336,-0.0021903,-0.002261,0.019268,0.0092733,0.0060544,-0.0129,-0.012996,-0.016491,0.016755,-0.003559,0.01813,0.0060058,-0.0077067,0.00083102,-0.014054,-0.000915,-0.0027262,0.0091728,-0.010215,0.011472,-0.022047,0.0030375,0.014684,-0.0038584,0.0048807,0.0023296,-0.018968,-0.01806,-0.0066649,0.021596,0.010667,0.015979,0.0001818
-0.017089,0.013614,-0.01125,-0.0020416,0.00049914,0.0061751,0.010065,0.0019136,0.0056507,0.00016885,-0.020636,-0.015024,0.014338,-0.015435,0.007074,-0.0084348,0.0079513,0.012065,-0.021268,-0.0049881,0.0081632,-0.0031616,-0.015187,0.018233,0.0076576,-0.0032873,-0.0010854,-0.0049463,0.0029049,0.0093123,-0.0039299,0.0083864,0.013761,-0.015856,0.032522,0.005967,0.008756,0.017157,-0.00050535,-0.0043245,0.035665,-0.0090629,0.004642,-0.0012883,0.0044354,0.015782,-0.0005299,-0.0056365,0.0028371,0.022717,0.002024,-0.02258,-0.02094,0.00035438,-0.0038339,0.0013729,0.0095656,-0.011538,-0.003518
0.01142,-0.018055,0.0058913,0.01,-0.0033828,-0.014472,0.0046937,-0.027506,-0.0053612,-0.0043084,0.0066375,-0.020197,-0.015292,0.0058388,-0.00955,0.014064,0.0052003,0.0055444,-0.01645,-0.0084672,-0.022295,-0.0073184,0.0089185,-0.010621,-0.0088251,0.00078622,-0.0018722,-0.012554,-0.0050526,0.013835,0.0080252,0.013451,-0.016834,-0.0012778,-0.0080627,0.021075,0.043711,0.025152,0.0019099,-0.010827,-0.027924,-0.00057753,-0.012339,0.002405,0.0049446,0.015877,0.017938,-0.0027187,0.0054296,-0.010226,-0.0058023,-0.0084251,0.011262,-0.020615,0.0051243,-0.015639,-0.0042755,0.021098,0.0019906
0.0032195,0.0016291,0.005408,-0.00093813,-0.0061435,-0.010032,0.0070643,-0.01437,0.0067223,0.0047054,0.0091548,-0.0078775,0.0024423,-0.00041626,-0.0067012,0.0017696,-0.0052617,0.0084683,-0.013814,-0.017886,0.00043076,-0.0037891,0.0087508,0.00017104,-0.019279,-0.0024643,0.01235,0.011844,-0.0079119,0.014828,0.0010749,0.0065842,-0.011736,0.011932,0.0066083,-0.006889,0.023418,-0.0051563,-0.010494,0.0027632,0.01153,-0.0099738,-0.0060576,-0.034281,0.017953,-0.022153,0.0067529,-0.010665,0.0052886,-0.011835,-0.02969,-0.0079858,0.034464,-0.01791,0.0017967,-0.0045301,0.0021734,0.021123,-0.0033305
0.024102,-0.0021955,-0.0019802,0.0041307,0.0051507,0.0034416,-0.0061269,0.012745,-0.020559,0.02012,0.015809,-0.0099678,-0.011757,0.015276,-0.0046683,-0.003157,0.0027353,-0.018373,0.004103,-0.01177,-0.01877,0.0032725,-0.014865,-0.013747,0.0053039,0.014254,0.0030296,-0.018928,-0.0015032,-0.015235,-0.014558,0.024716,-0.0084332,-0.0088557,0.0011382,0.020801,0.0060532,0.014889,0.007036,-0.017697,-0.009846,0.0093307,-0.0092839,-0.0077578,-0.010318,-0.0013,0.00095671,0.010544,-0.0013592,-0.015373,0.005852,-0.011297,0.00057018,0.0016684,0.01559,0.0017604,-0.00055246,-0.0058138,-0.0010162
-0.0016418,0.0037303,-0.0073512,0.012584,0.0074586,-0.0021813,-0.0043834,0.0018966,0.0082162,0.0095014,-0.002982,0.019276,-0.00281,-0.015367,-0.0095049,-0.0066603,-0.003712,-0.0089623,-0.00091952,-0.019976,0.0069955,0.013178,-0.013575,0.010549,-0.02329,-0.0053838,-0.0051899,0.0031966,0.021293,0.0039791,-0.0089179,-0.0025397,0.012208,0.0011498,0.0061718,-0.013955,0.0010958,0.0035525,-0.0059543,0.0026621,-0.014041,-0.010661,0.010214,0.011943,-0.012666,-0.0036528,-0.033237,-0.0022223,-0.013053,-0.0054458,-0.001563,-0.013222,0.011701,-0.0041469,-0.018727,-0.00085285,-0.01999,0.010311,0.014886
-0.012343,-0.0205,0.018193,0.025857,0.014797,-0.00051849,0.0015581,0.022439,0.00949,0.0029688,0.036301,0.037812,-0.0056852,0.0054363,-0.024667,-0.0079485,0.0013501,-0.0034883,-0.020695,-0.011437,-0.0021822,-0.0099614,-0.0057785,0.0047237,0.012659,-0.0023444,-0.0041514,0.0037801,-0.027196,-0.0025352,0.0018994,0.01879,0.016196,0.0090394,0.0090913,0.016805,0.0063304,0.018388,0.012295,0.0078333,-0.0012187,0.0016317,-0.024212,-0.012208,0.0094684,-0.028254,-0.0092308,-0.0078851,0.025747,-0.005226,-0.0083813,-0.011745,-0.016837,-0.01681,0.003935,0.0040098,0.011788,-0.010854,6.1116e-09
-0.017416,-8.3632e-05,0.01463,0.0050786,0.0011486,0.0040464,-0.0034001,0.013255,0.028287,0.0062276,0.001371,0.0078462,0.00022829,-0.016529,-0.003224,-0.0055488,-0.033214,-0.011622,-0.0064219,-7.0237e-05,-0.030497,-0.010333,-0.01832,-0.01432,0.008332,0.0065495,0.0021007,0.0044178,-0.004036,-0.0013369,0.018215,0.022548,0.015965,-0.012361,-0.015351,0.010853,0.01033,-0.011813,0.010922,0.0063728,0.043671,-0.0060317,0.0046495,-0.0091707,0.015304,0.0037094,-0.024788,-0.029626,0.011864,0.002958,-0.0060877,-0.000835,-0.009911,-0.014269,-0.01825,-0.0081304,0.002973,0.0048464,-0.018163
-0.012596,0.012853,-0.0026283,0.0049332,0.01452,0.014797,-0.0080706,0.0024022,0.0029984,-0.010813,0.02022,0.026711,-0.005034,-0.01298,-0.0013282,-0.020299,-0.0058432,-0.019933,-0.014886,-0.032845,-0.0083792,0.0070166,-0.0057915,-0.018528,-0.0081363,0.0043232,0.0033151,-0.0099404,0.0071901,0.00038188,0.017185,0.012609,-0.0013057,-0.022855,0.010189,0.0024778,-0.0086436,0.0093174,-0.011254,-0.013199,-0.014397,0.0061162,-0.022613,0.031234,-0.0032671,-0.0094419,0.013025,-0.010049,0.023283,-0.011896,-0.010978,-0.0097784,-0.0019003,0.0053541,-0.0048567,-0.0034401,-0.016348,0.011489,-0.015955
-0.0025488,0.0062823,0.010645,-0.013228,-0.021672,0.010011,0.026459,0.0045001,-0.004328,0.024857,0.017026,0.014316,0.0051681,-0.028941,-0.026078,0.00019186,-0.035071,-0.046166,-0.017566,-0.035688,0.0013058,-0.016945,-0.030723,-0.010484,0.020841,-0.0015452,0.014678,-0.0012631,-0.0088993,0.017966,0.0045702,0.022612,0.013726,-0.004123,0.022534,0.0023573,0.0081011,0.0060838,0.0041144,-0.0095161,-0.0036388,-0.018278,-0.020299,0.016415,0.0048254,-0.0042116,-0.020849,-0.0024579,-0.013885,-0.0089681,0.015726,-0.016829,0.0024718,0.0034551,0.0039895,-0.0078176,0.022882,-0.010111,0.00048882
0.00031018,-0.0036916,0.001477,0.01878,0.00096114,0.01106,0.0064953,-0.0082499,-0.0090046,0.00139,-0.0091916,0.0061161,0.0081502,-0.0014138,-0.010012,-0.034849,-0.013419,-0.029104,-0.051814,-0.044247,-0.02262,-0.013927,-0.008503,-0.015324,0.0063476,-0.0090198,-0.0064152,0.0113,-0.019164,-0.0065344,-0.01978,0.0078784,0.0072945,-0.0021567,0.0078853,0.020335,-0.0037802,0.019532,0.00019791,0.0078124,0.01163,0.0039964,-0.0026377,-0.015419,-0.014974,0.005834,-0.028978,-0.018126,-0.0051538,-0.0094326,-0.004003,-0.0043171,-0.011022,-0.0080147,-0.0034437,0.011672,0.0099742,-0.0045939,-0.003442
-0.0084506,0.0014756,0.027003,0.011062,-0.0094649,-0.0036269,0.018103,-0.0050404,-0.0012048,0.0020401,-0.0095761,-0.0055198,0.0015278,-0.0057676,-0.033462,-0.050824,-0.052104,-0.049782,-0.058078,-0.031351,-0.038051,-0.01785,-0.018572,-0.024874,0.0028854,-0.0091311,-0.0092193,-0.0062295,0.017066,-0.012669,-0.001138,-0.028996,0.013644,0.0019377,0.020066,-0.00079332,0.017408,-0.0052874,0.00078633,-0.0011695,0.0074636,-0.011506,-0.0045437,0.0029711,0.014196,-0.014536,-0.0052033,-0.024103,-0.018283,-0.0025621,0.00065607,-0.0066853,-0.015404,-5.4644e-05,0.0103,-0.0034723,0.026274,-0.011394,-0.019004
0.024812,-0.0079976,-0.0035048,0.0052672,0.021999,0.033367,-0.0097153,-0.0036833,-0.00037649,0.015392,0.012999,0.013837,-0.0077922,-0.012194,-0.024026,-0.043132,-0.047464,-0.080366,-0.04661,-0.036087,-0.053637,-0.024967,-0.029853,-0.025461,-0.020467,0.0041719,0.010644,-0.0071294,0.0091706,-0.0069338,4.3829e-05,-0.0028807,-0.0058873,0.018162,-0.0017919,-0.020305,0.010495,0.00010143,-0.0096691,0.00063035,-0.012112,0.0040971,0.00068841,0.012422,0.0020265,0.00070584,-0.028135,-0.040817,-0.01227,-0.0089072,-0.022172,-0.003434,-0.0060918,0.00057657,0.017021,0.01417,-0.0012405,-0.034568,-0.0077309
0.0071204,0.028281,-0.02076,0.018518,0.0050914,0.03227,0.020802,0.0065128,-0.0090461,0.025027,0.0099204,-0.0037217,0.014859,-0.025185,-0.03581,-0.03904,-0.072859,-0.090921,-0.078029,-0.070401,-0.021898,-0.043668,-0.021793,-0.011584,-0.015149,0.0034016,0.0045604,0.014375,-0.01162,-0.013068,-0.0032835,0.016793,-0.0054459,0.013363,-0.009627,0.0041981,0.0032278,0.0076654,0.004288,0.0027796,-0.00079853,-0.0094386,-0.0079212,1.0858e-05,0.0055941,-0.0022043,-0.012483,-0.012704,-0.0094649,0.0017471,0.0025325,0.0076529,-0.0083194,0.00091877,7.1472e-05,0.019992,-0.0054559,0.00475,-0.011987
0.016371,-0.025312,0.0029035,-0.0052708,-0.0072319,0.033911,-0.0064071,0.0071014,0.017255,0.00027473,0.021239,0.0051735,0.0018067,-0.0069566,-0.010657,-0.037374,-0.072844,-0.1372,-0.13449,-0.10452,-0.081209,-0.043407,-0.03259,-0.022322,-0.014062,0.0072905,0.012337,-0.0070129,-0.010833,0.010141,0.018525,-0.0070366,-0.0028351,-0.012178,0.023987,0.046266,0.013829,0.0031613,-0.0018541,-0.0065488,0.011142,-0.014648,-0.015957,-0.02861,-0.0087934,-0.0093725,0.0013378,0.0049344,0.0008274,-0.014292,-0.0052384,0.0039282,0.013181,0.010608,0.017529,-0.019731,-0.00071422,-0.003021,0.041375
0.026179,-0.0011451,0.013257,-0.0043895,0.0028625,0.011122,0.0027672,0.028966,0.016067,0.0089703,-0.00030501,-0.00021174,-0.023844,0.0015019,-0.014248,-0.025606,-0.10887,-0.20108,-0.1774,-0.11558,-0.091936,-0.063705,-0.043529,-0.0075785,-0.0024318,-0.0049223,0.0021284,0.0088635,-0.0047582,-0.0022816,-0.0025674,-0.004446,0.018413,0.010516,-0.0029051,-0.0052059,0.0029197,0.0022738,-0.0010874,-0.0028047,0.0079023,0.0024751,-0.0097041,-0.0062517,-0.0072242,-0.018989,0.01731,0.012055,-0.016349,0.0058698,-0.00026468,-0.010572,0.0134,-0.010549,0.0089177,0.0074618,-0.0094049,-0.0031792,0.021027
0.021867,-0.0052995,-0.024569,0.013478,0.036485,0.013741,0.005974,0.0060297,0.029512,0.03413,0.01825,0.0066278,0.00082673,-0.019178,-0.043979,-0.073976,-0.17299,-0.23685,-0.20873,-0.13279,-0.10011,-0.055286,-0.052958,-0.027819,-0.027228,-0.022459,0.0023872,-0.017898,-0.0039492,-0.0073248,0.0079401,0.013077,0.0062232,0.013489,0.018808,0.0097709,-0.013122,-0.019262,0.0032186,0.010555,-0.0099611,-0.0018868,0.0019904,-0.0015205,-0.00083877,0.0022868,-0.010653,-0.029492,-0.011694,-0.0046787,-0.0075513,-0.0063022,0.0066912,-0.02455,0.0033276,-0.013866,-0.013354,-0.011755,0.0054603
-0.0018578,-0.0019862,0.003952,0.0029423,0.019481,0.0097219,0.018662,-0.0081438,0.011663,0.014279,0.019032,0.013765,-0.018793,-0.015944,-0.03322,-0.067275,-0.14324,-0.20703,-0.2406,-0.1492,-0.099748,-0.05609,-0.018554,-0.026776,-0.0051877,-0.0074188,-0.0064109,-0.018161,-0.0086998,0.0083913,-0.0023925,0.0061273,0.013154,0.035289,0.0063032,0.0051199,0.0042256,-0.014675,-0.010054,0.0093441,-0.014103,-0.031028,0.0095706,0.039222,-0.0024976,-0.002787,0.00025946,-0.01784,-0.012605,0.0041431,-0.025155,-0.0033619,-0.0035813,-0.0059275,0.0016638,-0.00886,0.01062,0.0036531,0.0028356
-0.0077841,-0.0014409,0.025863,-0.0070058,-0.0078068,-0.0050644,0.013099,0.018185,0.0052718,0.031693,0.0034768,-8.8922e-05,0.0064082,-0.022238,-0.029736,-0.072665,-0.08951,-0.16796,-0.23266,-0.22581,-0.1482,-0.072271,-0.065678,-0.021757,-0.022989,0.010668,0.0019794,0.04129,0.010834,0.0037601,0.0033715,-0.00083618,0.022215,0.0065558,0.027571,-0.0014494,-0.00028074,-0.0046565,-0.0083886,-0.00041879,-0.0044805,0.019896,-0.017565,-0.0054518,-0.0060902,-0.0097517,0.012238,-0.012228,0.0043826,-0.0065497,-0.015153,-0.0066504,0.0038198,-0.025237,-0.019631,-0.001219,-0.0044089,-0.002414,-0.008049
0.025329,0.020719,0.005293,-0.015885,0.011928,0.0079247,-0.007495,0.01458,-0.00638,0.012991,0.012848,0.010638,0.0044131,-0.012967,-0.024209,-0.061794,-0.092073,-0.13676,-0.19412,-0.23312,-0.13248,-0.04099,-0.032477,-0.017597,-0.013994,-0.00089946,0.019065,-0.00095217,0.0050561,0.001871,-0.00021161,-0.0040713,0.0070173,0.006388,0.018191,-0.014237,0.0077737,-0.010543,-0.013218,0.0039333,-0.0057466,0.0053213,-0.00045477,0.003922,-0.014778,0.016849,0.013159,-0.016667,0.00080354,-0.013821,-0.0069726,-0.0014435,-0.0065952,-0.0030634,-0.00081027,0.0042061,-0.0074097,0.014395,0.0055133
-0.014972,0.0041598,-0.0024572,0.00091944,-0.006194,0.017754,-0.0025002,-0.0035108,0.00029145,0.0036436,0.016388,-0.00041491,0.00046424,-0.021956,-0.016759,-0.053767,-0.091278,-0.13698,-0.17461,-0.1306,-0.089331,-0.069174,-0.038354,-0.023295,0.0056275,0.0016841,-0.017541,0.00092898,-0.0015386,-0.0047486,0.0029231,0.019783,0.0023951,-0.0010898,-0.014072,-0.0015747,-0.0073347,-0.021159,-0.014606,-0.0026462,-0.013906,-0.011067,-0.0023961,-0.0029312,-0.0051634,-0.0014139,-0.01197,-0.021545,-0.0031184,-0.018998,-0.019911,-0.0040453,-0.023579,0.0045826,-0.010689,-0.016692,0.010759,-0.006374,-0.0054014
0.019043,-0.011128,-0.0023903,-0.0032028,0.023953,-0.0028256,0.0054454,0.017774,0.00085709,-0.0092259,-0.0068442,0.0025023,0.015028,-0.0065353,-0.019194,-0.042516,-0.078703,-0.10401,-0.12131,-0.11888,-0.092054,-0.066627,-0.026644,-0.030233,0.016836,0.0073899,-0.00038979,-4.5722e-05,0.018354,0.013317,-0.0049809,0.022684,0.0089823,-0.01291,-0.011119,-0.0010927,-0.010458,0.0044983,-0.010215,-0.01354,-0.0044142,-0.0042383,-0.0071263,-0.0046105,-0.015781,0.007294,-0.012736,0.0061573,-0.0054411,-0.00026919,0.0019007,0.0099367,0.0080772,-0.004153,-0.0086642,0.0088146,0.016694,-0.0031457,0.0038584
-0.00026429,-0.0072289,-0.014506,0.019611,0.0066844,0.013695,-0.013471,0.021403,-0.010923,0.016612,-0.012106,0.0012767,0.0077991,-0.021113,-0.023206,-0.029574,-0.041691,-0.046023,-0.062538,-0.096846,-0.090072,-0.066147,-0.05163,-0.030845,-0.020492,0.0024828,0.0035252,-0.0099921,-0.013937,-0.0066029,-0.0048263,0.011079,0.0017899,0.0032788,-0.010973,-0.0090629,0.0073402,0.012749,0.0072849,0.0048179,-0.014369,-0.01898,-0.0042844,0.0013619,-0.0079563,0.0015036,-0.0061898,0.0047066,-0.0027941,-0.023145,-0.0063622,0.0035087,-0.01112,0.0085615,-0.027631,-0.0079342,0.015136,-0.0011026,-0.019199
-0.017601,-0.015783,0.013221,0.015856,0.0082979,0.017178,0.017478,0.023782,0.026905,0.024663,0.024732,-0.00072932,-0.0080392,-0.024509,-0.010181,-0.031603,-0.027672,-0.056444,-0.06617,-0.065117,-0.083195,-0.051089,-0.018828,-0.042626,-0.003929,-0.034409,-0.015672,-0.00040384,0.0067693,-0.00043843,0.01022,0.01779,-0.0073852,0.0050014,-0.016066,-0.017829,0.012062,0.0045562,0.0097029,0.0025182,0.023161,2.7533e-06,0.0031398,-0.016042,-0.0040455,-0.0037275,-0.0050538,-0.0088586,-0.0057045,-0.0023466,-0.0094212,0.0046875,-0.0040305,-0.018535,-0.023405,-0.012972,0.014538,0.012154,0.0066057
-0.01351,0.01206,-0.0066995,0.013416,0.0097122,-0.0048267,0.030262,0.0078273,0.012804,0.010577,-0.021972,0.007263,-0.013386,0.0017313,-0.01186,-0.030822,-0.030866,-0.054058,-0.043718,-0.044619,-0.046499,-0.034663,-0.035495,-0.022357,-0.01383,-0.0075765,-0.0042398,-0.011752,0.012855,-0.0037197,0.0092882,-0.00032533,0.011313,0.0081942,-0.0034029,0.006682,0.012009,-0.014379,-0.0031631,-0.022929,-0.0064332,-0.0050779,-0.0062071,0.0071056,-0.0078174,0.00091468,-0.0058094,-0.027583,-0.0013472,0.016614,-0.0091794,-0.0071387,-0.0030278,-0.017164,0.0044992,-0.0068229,-0.011471,0.0093538,-0.014125
0.0033549,-0.005634,0.0041108,0.015521,0.0012924,0.0097101,0.024781,-0.001577,-0.017205,0.01669,-0.021564,-0.013513,-0.018538,-0.009571,0.0045601,-0.014149,-0.020131,-0.049298,-0.040314,-0.046661,-0.04082,-0.029733,-0.012562,-0.0019691,-0.0063518,-0.016577,0.013966,0.0039709,0.01093,-0.0058989,0.03106,0.027128,-0.019242,0.012403,-0.0016795,-0.0091699,-0.0061471,0.0017144,-0.023004,-0.010721,-0.0012107,-0.011039,-0.0071228,-0.005207,-0.01479,-0.02076,0.013088,-0.012016,-0.015351,0.0043898,0.018589,-0.0077466,-0.021972,-0.011773,-0.020639,0.0062239,-0.0013507,-0.00083745,0.00088914
0.02973,-0.021471,0.021013,0.014209,0.0065836,-0.0005778,0.013564,0.0021672,-0.006572,0.0098568,-0.00059349,-0.017187,0.0063869,-0.013221,0.016762,-0.021122,-0.021955,-0.034891,-0.025247,-0.039129,-0.053975,-0.032094,-0.010681,-0.0011492,-0.010827,-0.011618,-0.01383,0.0086099,0.012177,0.0069631,0.030278,0.016334,0.014745,-0.003155,-0.0041245,0.0047181,0.0055768,-0.009739,-0.0046221,0.029383,-0.013562,-0.001229,-0.0063758,-0.0025401,-0.0021448,-0.0027747,0.011911,0.00049609,0.0067354,-0.023789,-0.0052079,-0.021608,-0.024906,0.0056604,-0.026615,-0.0043084,0.027642,0.0082075,-0.016603
0.00024151,0.0053617,-0.022701,-0.0012169,0.0027339,-0.0004402,-0.004655,0.0016929,-0.004828,0.0047193,0.004397,0.007013,-0.018858,-0.015791,-0.002323,0.0056799,-0.017998,-0.018698,-0.024422,-0.03859,-0.042528,-0.017194,-0.016858,-0.027235,0.0018485,-0.012728,-0.01324,0.003238,0.019084,0.0059063,-0.0013864,0.010832,0.001023,-0.0073042,0.00011903,-0.0081602,-0.0050472,-0.024218,0.00052204,0.0026228,0.0013292,0.0067971,0.0079232,0.0055375,-0.0092326,-0.0090914,0.0058723,-0.017672,-0.0048101,0.005587,0.0054758,-0.022337,-0.011992,-0.02124,-0.0047203,-0.0062706,0.018,-0.0041702,-0.025798
0.012255,-0.010789,0.012997,0.017983,0.009436,0.0055546,0.014268,-0.0011392,0.0058919,0.00026609,-0.0050869,-0.018675,0.010273,0.0059225,-0.011181,-0.0022281,-0.014785,-0.030315,-0.012924,-0.030175,-0.032855,-0.01087,-0.01509,0.0095923,-0.011913,0.0088902,0.012217,0.015445,0.0071578,0.016492,-0.0074969,0.018292,-0.0086227,0.0027746,-0.02523,-0.018507,0.0057458,0.017115,-0.0054861,-0.0050965,-0.037094,0.010921,0.0015919,-0.0051029,-0.0021716,-0.011958,0.017488,-0.01482,0.0059348,0.0042154,-0.019698,0.0030444,-0.0069169,-0.0093175,0.00036911,0.021256,0.0041353,-0.012597,0.010227
0.0092714,0.012967,0.0085682,0.021988,-0.00024541,0.0081947,-0.0012604,-0.0095404,0.013583,-0.0078281,0.012408,-0.0066624,-0.0052457,0.011321,-0.0041945,0.017515,-0.017823,-0.0083992,-0.021798,-0.037239,-0.011763,0.0016676,0.0038625,0.010656,0.00055304,0.0069191,-0.010142,-0.0086635,-0.00059867,0.00097716,0.006587,0.024286,0.0026745,0.013088,0.01364,-0.0045079,0.02372,-0.0052523,0.018682,0.014847,0.011766,0.0076856,0.0014652,-0.0042081,0.0042233,0.0016796,0.0013482,-0.010441,-0.0027757,0.0078022,-0.0062626,-0.011962,0.0026046,0.019967,-0.013784,0.021358,-0.0054942,0.0017588,-0.0021038
0.011567,-0.0016253,-0.0047297,0.028482,-0.011982,0.01143,0.026285,0.007553,0.0075429,-0.013255,0.0040656,-0.0076536,-0.017875,-0.0020149,-0.0085117,-0.0060494,0.0037082,0.0078716,-0.010692,-0.025833,-0.022764,-0.021619,-0.018069,0.015955,-0.0044293,0.0091974,-0.0097577,-0.006458,-0.010729,0.024832,0.016474,0.010143,0.0086362,0.003478,0.0071978,0.025184,-0.008071,-0.0023811,0.00032686,-0.015275,0.011669,-0.009884,0.014283,-0.0095951,-0.0058494,0.0013857,-0.0022511,-0.0063489,-0.0027161,-0.011095,-0.0066406,0.003984,0.0064981,-0.015153,-0.0016271,-0.0096879,-0.0095057,0.0053602,-0.0017207
0.019218,-1.67e-05,0.0013055,0.0081319,-0.0066583,0.017235,0.016809,0.00025765,0.00038046,0.012675,-0.0025587,0.0076717,-0.0087195,0.0020679,0.0086095,0.0014036,-0.0016989,-0.0077986,0.011062,0.0022926,0.022449,0.0068436,0.0060742,0.0065002,0.0058783,0.015472,0.021631,0.029926,-0.0054566,0.021725,0.0033384,0.00047057,0.0045103,0.011791,0.015438,0.012118,-0.005193,0.023893,0.0091247,-0.017595,-0.0075748,0.0068185,0.0024678,0.0006222,0.0024977,0.0023621,-0.0072187,0.0069235,0.014554,-0.011443,-0.013936,0.014675,0.011728,-0.01217,-0.020096,0.00080999,0.0061425,0.0094378,-0.0079296
0.012118,0.0034812,-0.00024893,0.0088056,0.020709,0.025438,0.0071187,-0.018175,0.0088307,0.022936,-0.0030969,0.011106,0.0061603,0.02531,-0.032042,0.01302,-0.00040893,-0.0020017,-0.013156,-0.0058101,0.0025948,0.0098768,0.018136,0.00079964,0.0080221,0.0066733,0.0030441,0.0075029,0.015388,0.022393,0.00096222,0.0034793,0.013688,-0.014211,0.023497,-0.014797,-0.0054926,-0.0057741,-0.017093,0.0092014,-0.0059405,-0.0067835,0.0039075,-0.0013089,0.0024083,0.012611,0.0050569,-0.0077359,0.012839,0.0067154,-0.0022097,-0.0017718,-0.0031955,0.012907,0.0060602,-0.0048219,0.0013812,-0.017668,-0.015598
0.0063484,-0.017582,-0.0023174,0.013818,0.022011,-0.007184,-0.0024785,0.0067914,0.023019,0.0046281,-0.0016998,0.036009,0.0098498,0.0021323,0.0090828,0.0032054,-0.0079513,0.0044919,0.00083764,-0.023355,-0.0027829,-0.0015441,-0.00089791,-0.0074626,-0.0043068,0.020212,0.0097909,-0.019967,0.014342,0.0038409,0.023508,0.0090442,0.0056465,0.0078653,-0.0061074,-0.014461,-0.0032607,0.013806,0.0088537,-0.00688,-0.016718,-0.0038146,0.010528,0.02659,0.0066027,0.0052886,0.0046634,-0.020736,-0.0065828,-0.007695,0.017758,-0.00030182,0.010671,0.015685,-0.0030072,-0.01611,-0.0017888,-0.028593,-0.015959
-0.012129,0.0017148,0.0040628,0.013104,0.00087918,-0.0088109,0.0084435,0.00051673,-0.016407,0.0096154,0.036915,0.00062794,0.0015618,0.0073536,0.0052452,0.013727,0.0077244,0.00052122,0.0040437,-0.0093055,0.012987,0.00043974,-0.00030072,-0.0019365,0.010237,0.028576,0.013844,0.003218,-0.0013514,0.0098401,0.0062815,-0.0071388,0.008892,0.00067809,-0.0016778,0.0002844,-0.00039478,-0.022935,-0.018732,-0.0088093,-0.0049883,-0.0038392,-0.00048627,-0.022611,0.034638,-0.017234,-0.0010419,0.0038793,0.012182,0.014129,-0.01495,0.0062336,-0.012048,-0.0037437,-0.013203,0.0043368,0.0031843,0.0094928,-0.035168
-0.027742,-0.0159,0.02334,0.0044507,0.0070824,0.004576,0.010507,0.013537,0.015566,0.013535,0.018183,-0.0017111,0.03445,-0.023563,0.0096751,-0.0057646,0.0044732,-0.0022838,0.0074476,-0.00072583,-0.0020226,-0.0011435,0.0061559,-0.01054,0.00089315,0.01804,0.011596,0.00034321,0.0076001,0.014772,0.033811,-0.015599,0.016858,-0.003907,0.018012,-0.0093693,0.014499,0.0049048,-0.011578,0.013912,0.0026781,-0.0002581,0.0060456,2.9421e-05,0.012947,-0.0028181,0.0091908,0.029402,0.0041052,-0.010879,-0.0049016,0.0068073,0.020729,0.0059162,-0.0071655,0.0006978,-0.012863,-0.014553,-0.030387
0.012129,0.013026,-0.0046912,0.024019,0.024595,-0.01007,-0.0038584,-0.011129,0.0097813,-0.0092598,0.0029816,0.041673,-0.0071386,-0.0061355,0.013307,-0.00025596,0.017248,0.022961,0.00894,0.011021,0.019482,0.0079364,0.011182,0.0067667,-0.000423,-0.0017187,0.0055378,-0.0074411,0.017575,0.0058762,0.017881,0.005057,-0.0043963,0.002095,0.0030546,0.0014065,-0.014241,0.015322,0.0086964,-0.00745,0.0070846,0.0070894,-0.014479,-0.0092369,0.014233,-0.015673,-0.0093478,0.0074791,-0.0024125,0.0027465,0.020065,-0.0092363,0.0090331,-0.0054385,0.0077655,-0.0054107,-0.0026017,-0.021371,0.0044362
0.014242,-0.009688,-0.015545,-0.0064881,0.017884,0.0081257,0.0014416,-0.018577,0.015061,0.0054944,-0.0041363,0.0042454,0.0038206,0.010745,0.0038448,0.022355,-0.019931,-0.020457,0.0050769,0.037835,0.010465,0.018064,0.0019341,-0.0043546,-0.00016708,-0.0092673,0.0093349,0.0178,-0.0079947,-0.00067304,0.0069783,0.020538,-0.0054069,-0.013983,-0.0052268,0.016659,-0.017953,0.016543,0.0090348,0.010714,0.016226,0.0023848,0.0068737,-0.0238,-0.018796,-0.0066279,0.020635,-0.0040644,-0.0023359,0.0049601,-0.032136,0.0059494,0.014419,-0.0037954,-0.00035346,-0.0055109,0.0048156,-0.0033783,-0.0064573
-0.0013128,-0.005607,-0.014407,0.0089455,0.021579,0.00094012,-0.0054294,-0.0087985,-0.012083,0.041826,-0.0056785,-0.0031266,0.025892,0.0049423,0.00071638,0.0056798,0.00041422,0.0059788,0.012329,0.013182,0.0093216,0.023948,0.01932,0.0024532,-0.0034202,-0.0080059,0.0085741,-0.012648,0.0046959,0.019242,0.0036683,0.00595,0.020031,-0.0066408,0.0064458,-0.018577,0.02477,-0.011775,0.007463,0.005665,0.012862,-0.0014351,-0.0047558,0.016416,0.013999,-0.036126,-0.015775,0.0069008,0.0024873,0.014542,-0.0055637,-0.0052887,0.011669,0.0027134,-0.02056,0.0042486,-0.0050529,0.0056327,0.017847
