-0.0051763,0.011007,-0.0099144,0.0068516,0.0042384,-0.002042,0.0074415,0.0161,-0.0049903,-0.0053585,0.010213,0.0063926,0.0055683,-0.016805,-0.0029513,-0.0094399,0.0039369,-0.010985,0.0069389,0.0017555,0.0030004,-0.0069563,-0.0050587,0.017362,0.00095759,-0.01972,-0.0083943,0.0092314,-0.011336,0.02389,0.023837,0.0099122,0.023873,-0.0015969,0.0050483,-0.016244,-0.0053954,0.0014161,-0.016752,0.0091988,0.018776,-0.0014815,-0.0098346,-0.016773,0.0051808,0.013983,-0.0042062,0.011549,0.010241,0.012411,0.013376,0.020397,-0.014624,-0.0007111,0.0021287,-0.0051903,0.00083284,-0.014026,-0.0093277
0.001381,-0.003425,0.0060443,-0.010298,0.0010153,-0.0035615,0.0061045,-0.0056201,-0.011367,-0.011837,0.0049062,-0.014915,-0.011406,0.0051643,0.0093347,0.0071688,-0.00053201,-0.0074742,-0.0095248,0.010011,-0.0066747,0.011894,0.0099236,-0.0041429,-0.032258,-0.0089156,-0.026579,0.00069298,0.01503,0.0086788,0.011047,0.029673,-0.017019,0.017948,0.011104,-0.0087906,0.0019374,0.0026414,0.0023495,-0.024353,-0.0074122,-0.032528,-0.019097,0.017682,-0.02454,-0.0052654,0.0053505,-0.0068478,-0.0086411,-0.022562,0.0055292,-0.014322,0.0034657,0.011876,0.013973,-0.0086702,0.004074,0.0050935,0.0091173
0.0058626,-0.001653,0.0040206,-0.001019,-0.0026233,0.0001743,0.0029549,-0.0055894,0.0048983,0.003449,0.0075154,-0.0057539,0.0055216,-0.00202,0.01548,0.022594,0.001572,0.0053031,-0.0073053,0.011379,0.0088162,-0.0032217,0.0024061,-0.0089346,-0.026929,0.00010287,-0.0078564,0.016757,-0.0084463,0.001552,0.014972,-0.0042179,-0.00066365,0.020713,-0.0067068,0.0055463,-0.007864,-0.0060207,0.0018349,0.003962,-0.0056565,-0.00077619,-0.0024785,-0.0016543,8.5074e-05,0.0038774,0.013451,-0.0059433,0.001369,-0.012377,0.0077682,-0.0062574,0.014479,-0.0075924,-0.0011345,-0.018161,0.0023149,-0.017295,-0.00022817
-0.0010427,0.00072647,0.015975,0.0095097,0.0028866,-0.016735,0.0042399,0.00076153,0.015204,0.01625,-0.0049841,0.0046496,-0.016461,0.0091822,0.014464,0.02375,0.0085478,0.023156,0.014391,-0.0026671,-0.00077302,-0.010424,0.00037104,-0.010599,0.029827,0.0017004,-0.0034928,0.0061398,0.014946,0.0019161,-0.014774,0.013254,0.010172,0.014011,0.00070499,-0.0053298,0.02905,0.0080722,-0.021016,-0.026342,-0.00025579,-0.019805,0.0058403,-0.0018003,0.0086364,0.019039,0.0087993,-0.0048987,-0.023856,0.0029653,0.010057,0.011277,0.0068348,0.0044458,-0.023288,-0.0080796,-0.013985,-0.019597,0.01133
0.015547,-0.013021,0.016455,-0.0088388,0.002522,0.0042525,-0.003054,-0.0025817,-0.0095841,0.0049053,-0.008576,-0.018127,-0.010595,-0.013181,-0.014573,0.0096974,-0.00095307,0.015354,0.0015301,0.00012328,0.015397,-0.0088921,0.019739,0.00087958,0.02681,-0.015788,-0.009343,0.0061905,0.028292,-0.018999,0.010585,0.0079785,0.0097017,0.0071985,-0.0086017,0.0052226,-0.0047049,0.0041783,0.019926,-0.0010974,-5.8191e-05,-0.010822,0.0066658,-0.0064206,-0.011188,0.012262,0.0071766,0.0087108,0.0025661,0.0053484,-0.0026128,-0.00041762,-0.0039607,0.01214,0.0058081,0.0032766,-0.003153,0.00047357,0.011236
0.0068739,0.0013828,0.014746,0.002492,-0.0010072,-0.0072772,-0.018701,-0.0026978,0.0091219,0.028299,-0.018447,0.010656,-0.008916,-0.0057015,0.019397,0.000469,-0.00017623,0.005281,-0.0059362,-0.011171,0.020704,-0.0043857,0.011302,0.0031634,0.010955,-0.0055314,-0.023631,0.0073982,-0.018673,0.0066365,-0.0016079,0.022557,0.049695,-0.0033896,0.008483,0.010896,-0.0047476,0.0049272,-0.013211,-0.011417,-0.0027813,-0.022712,-0.010982,-0.0052777,0.0037737,-0.018146,-0.0049188,-0.0070295,0.014347,-0.0056002,0.00072832,0.0092077,0.01387,0.0018576,-0.015759,0.0072396,0.0073671,-0.013764,0.01143
0.011362,-0.011106,-0.0011052,0.0083942,-0.0037023,0.0054651,-0.0093761,0.0014863,0.0036757,0.0071096,0.0074487,0.0089721,-0.014237,-0.014438,-0.008449,0.010958,0.0031496,0.0038141,0.010115,-0.012753,-0.0045263,0.010696,-0.020272,0.0076101,0.0039159,-0.0081287,0.0028168,-5.4278e-05,0.0040125,0.025026,-0.0019604,0.011694,-0.005944,0.0021574,-0.00033178,0.0085156,-0.0088979,-0.0063124,-0.011352,0.0071619,-0.012416,-0.025879,-0.0034283,-0.0011193,-0.019404,0.006124,0.010695,-0.0018197,0.0047091,0.0015644,-0.005271,0.003049,-0.0090954,-0.0090526,0.012088,-0.0056857,-0.0040258,-0.013628,0.013578
0.0024055,0.0051449,0.0064441,-0.0031927,-0.0036909,-0.0035057,0.0047737,-0.0032256,0.011091,0.0061406,0.0028671,-0.010147,-0.014738,0.016403,-0.019907,0.0096985,0.018541,0.018797,0.013498,-0.0039093,0.018749,0.0038075,0.00055673,0.0036267,-9.2359e-05,-0.0063016,-0.021858,0.0025823,0.002076,-0.0012929,0.0020238,0.00116,0.019748,0.0039056,0.0084825,-0.0081269,-0.01718,0.0011844,0.010013,0.0070878,0.00091681,-0.00085285,-0.0077294,-0.016062,-0.011712,-0.007098,0.010268,-0.0042771,-0.013229,-0.0028746,-0.0037811,0.022497,0.0044887,0.0039373,-0.0039939,0.0035088,0.01199,-0.006409,-0.022283
-0.0027846,-0.0089487,0.010769,-0.010726,0.0045095,-0.0050628,0.00099551,0.0078773,0.014654,0.014219,-0.013544,-0.021204,0.0085334,-0.01119,-0.0015525,-0.003974,-0.00090856,0.013303,0.0090633,0.0024489,0.015482,-0.00054446,-0.0088435,0.005091,-0.020016,0.0028716,0.0051533,0.0032926,-0.012744,0.011875,0.031334,0.014382,0.0030845,0.015958,-0.0086689,-0.011444,0.017552,-0.0030111,-0.0028001,-0.014227,0.0023819,0.019877,-0.006751,-0.0010357,-0.0096787,-0.0028031,-0.0027542,-0.0089731,-0.0053141,0.0055626,-0.026214,0.013296,-0.0075394,-0.014726,-0.011277,-0.0019517,0.026425,0.010686,-0.02512
-0.00016422,-0.00073052,-0.0017088,0.0034856,0.00012609,0.0057044,0.0010296,0.00025278,0.0078821,0.00066713,-0.01624,0.012842,-0.00011261,-0.0076542,-0.001592,-0.0015542,0.030375,-0.0066172,0.014827,0.011283,0.0024163,0.0025836,0.016854,-0.0316,0.0089446,-0.0076031,0.020577,-0.0078042,-0.0074521,-0.015855,0.017958,-0.012946,0.0052344,0.00028597,0.0067677,0.0060108,-0.0091513,0.0054253,0.0064012,0.016024,-0.020124,-0.010119,-0.0011749,0.018577,0.0042473,0.0039478,0.019501,0.003918,0.011853,-0.010317,-0.014842,0.012396,-0.0085148,-0.017183,0.0026274,-0.014154,-0.0079373,-0.0055414,-0.0074356
0.0044937,-0.0054883,0.0065599,-4.7199e-05,0.0026707,0.019694,-0.012647,-0.0097904,-0.010858,-0.021642,-0.00012222,-0.0057666,0.003127,0.0073512,-0.0018131,-0.0050136,0.0056752,0.016832,-0.0047307,0.0090821,-0.0049138,0.0023785,-0.011704,-0.014434,0.016651,-0.0028851,-0.0055096,0.010055,0.01462,0.018834,0.0016703,0.0095199,0.026434,-0.0031167,0.0069375,0.0069585,0.0044627,0.00053588,-0.0083882,0.0077886,-0.012708,-0.0030997,0.0078138,0.010648,0.010689,0.007086,-0.0072828,0.0031978,0.0085639,0.0078086,-0.008836,0.02259,0.0040347,-0.0019795,0.0080127,0.013733,0.0068445,-0.010114,0.011244
-0.00090633,0.0032318,0.0032035,0.016578,0.0034356,-0.0016912,0.0080321,-0.0019888,0.0048603,-0.0097972,0.0079212,0.013977,-0.0010092,0.013149,-0.0047363,-0.0090128,-0.0067999,0.010373,-0.0034987,0.0031982,-0.0087391,0.0097941,-0.030189,-0.0077107,-0.002582,0.022248,0.0094409,0.0062484,0.002384,-0.0097367,-0.01487,-0.012893,-0.0034466,0.014239,0.022291,0.020733,0.014317,-0.0082178,0.016921,0.0073257,0.0044706,-0.012293,0.014095,0.012413,0.0027838,0.0010586,-0.0055975,0.0090613,-0.0023789,-0.0030141,-0.008237,0.022495,-0.00078577,-0.015707,-0.0030066,-0.028315,-0.02076,-0.010309,-0.011257
-0.00044799,0.0022397,0.0088729,0.00076747,0.0023869,-0.00090758,-0.0045391,0.0074351,-0.011135,0.010238,0.0016856,0.018953,-0.0051983,0.016832,0.018258,-0.0008477,-0.027374,0.00065689,-0.0034014,0.022128,-0.0066392,0.0010476,-0.010489,0.0053354,-0.00025883,0.01555,0.01124,0.011249,-0.0093124,0.022116,-0.012458,0.0026545,0.005403,0.00013994,-0.0061495,-0.0040284,0.0061876,0.0029529,0.0014684,0.0037633,-0.00058461,-0.01106,0.025569,0.0072519,0.01013,-0.017564,0.0081261,-0.00040584,7.2486e-05,0.00074827,-0.02789,0.0092325,-0.0013085,-0.0073652,-0.00010199,0.013614,-0.0038898,-0.0034946,-0.017345
-0.0017061,0.0070826,0.010408,0.006574,-0.0097174,0.0025728,0.00032075,-0.0073346,-0.00021944,-0.0098827,-0.016588,-0.0045329,-0.0077414,0.0089432,-0.025969,0.018634,-0.018405,-0.00076099,-0.0073744,0.010199,0.00047355,-0.0043629,-0.0077773,0.0027629,0.0090252,-0.0006574,-0.0072054,-0.0094596,-0.021318,-0.02139,-0.015492,0.00051939,-0.00053631,0.0093306,0.011074,-0.0059054,0.00034464,0.0067104,-0.023897,-0.005749,-0.012903,-0.0063056,-0.0074353,-0.0068381,-0.0042188,-0.0069559,0.0080928,-0.010267,-0.00062117,-0.0087545,0.00052939,0.0069377,0.014773,-0.026014,-0.0055107,-0.0087943,-0.013976,0.00029434,0.00814
-0.00043958,0.0038294,0.011369,-0.00095353,-0.0033414,0.0050027,-0.0082806,-0.0074541,-0.0089383,-0.00091803,0.013763,0.0036534,0.039015,-0.00041084,0.011351,0.011697,-0.0090282,-0.011178,0.010778,-0.0071456,-0.00067748,0.010684,-0.0096688,0.016975,-0.0063025,-0.0059232,0.007871,0.027502,0.0034912,0.0061244,0.0069985,0.016356,0.014988,0.016296,-0.0017406,0.0080841,-0.0060524,-0.0055247,-0.013899,-0.010845,0.0040339,-0.00090133,0.012482,0.0018017,-0.02594,-0.0093198,-0.0040903,-0.010124,-0.013844,-0.0084933,-0.0072171,-0.00022968,0.0064903,-0.0047188,0.0094715,-0.006749,0.0035822,-0.01185,0.011655
0.0072539,-0.012391,-0.0022784,-0.0074936,-0.0022162,0.013608,0.0070266,0.00046179,0.022421,-0.0051694,0.0043651,-0.01182,-0.017963,0.0098789,0.0025951,0.010861,-0.01146,0.017525,-0.017255,0.0082602,0.01403,0.010388,0.0081061,-0.016019,-0.023074,-0.025336,0.00057685,-0.00076765,-0.0077789,0.024507,0.0046151,-0.019928,0.013093,0.018569,-0.030914,0.023501,0.0042586,-0.005517,-0.0055144,-0.014991,0.020508,-0.0085448,0.0013969,-0.0010387,0.0045765,0.0059917,0.015875,-0.0041423,0.0075627,-0.0073308,0.0037593,0.0060685,-0.0035805,0.0076254,0.0040186,-0.0088794,-0.0030468,0.0053541,-0.0094527
7.0159e-05,-0.014814,0.002271,-0.00125,0.02011,0.0049706,0.013601,-0.010033,-0.0033118,0.013984,0.00035135,0.0035661,-0.00065677,0.0089875,0.0071341,-0.0012258,-0.0089288,0.010961,0.011446,-0.002026,-0.01376,-0.021935,-0.0024394,0.0033683,0.0016429,-0.0016946,0.0043296,0.0079681,-0.015227,0.011302,-0.0061678,0.010683,-0.00041647,-0.0029448,-0.0051463,-0.01358,-0.011695,0.015358,-0.0040637,0.0059315,0.0074576,0.0061123,0.010845,0.027227,-0.021052,-0.014932,-0.027306,-0.003754,-0.0050724,0.015669,0.0072211,-0.0074554,-0.002461,0.0089931,-0.014517,0.0071052,-0.0091298,-0.00032433,0.0044977
-0.0021669,0.010051,0.0092977,0.0032498,0.00011764,0.0037198,0.0020914,-0.015941,0.0052515,-0.0061764,0.00091403,0.0022259,0.01234,-0.00055582,0.012649,0.0020932,0.0085903,-0.0054739,-0.0034072,0.0011298,0.0011616,0.0022848,-0.011275,-0.0052657,0.011602,0.0024661,-0.001787,-0.0028674,-0.010688,-0.011662,0.027442,-0.006077,-0.0095667,0.020335,0.00012555,0.010618,-0.0092481,0.010816,-0.0017435,0.020266,-0.022353,-0.019035,-0.00099676,-0.0019492,0.0020652,-0.007887,0.002812,0.00074939,-0.015874,-0.017921,0.011131,0.001807,-0.0091236,-0.0030027,0.003693,-0.0069264,-0.014181,0.0018146,-0.011343
0.00061386,0.0057445,-0.018554,-0.0028361,0.004941,-0.0011452,0.010373,-0.0097778,-0.0063947,-0.0024847,0.0077527,-0.0024295,0.011715,0.018112,0.021517,0.020632,0.0080357,0.00047106,-0.0096831,-0.015144,0.017617,-0.013045,-0.0060359,0.010218,0.016272,-0.0079819,-0.0066028,0.0055819,-0.00083078,-0.0022669,0.005377,0.022878,0.0124,0.0070958,-0.0021482,0.006597,0.01638,-0.012607,-0.011677,-0.011921,-0.0098078,0.0078215,0.0071764,-0.01955,0.0093415,-0.0014053,0.0048117,-0.0064758,0.0006196,6.6744e-05,0.0041116,0.019514,0.0074664,0.0074996,0.0077969,-0.016622,0.0023246,0.0060935,0.013714
0.0056882,-0.012837,-0.0042185,0.013107,0.013595,0.0027362,-0.018478,0.0063319,-0.0046655,0.0045829,-0.026436,-0.014,0.011633,-0.0064425,0.01704,0.01373,0.012023,0.01657,0.0091267,0.0024761,0.010038,-0.0016686,0.0019109,-0.019241,0.024239,0.013203,-0.0087836,0.00089172,0.026079,0.0025585,0.0043328,0.019391,0.0073589,0.0067361,-0.00776,0.016084,0.00026305,-0.0061938,-0.0097186,-0.0084854,0.013662,0.00075841,-0.0029857,-0.010548,-0.0061828,-0.002069,-0.014544,-0.0048345,7.5759e-05,0.0048236,0.0011779,-0.0014265,0.012931,0.020853,0.0064366,-0.012061,-0.010927,0.0044187,-0.013136
-0.0031559,0.01145,-0.00083361,0.0061859,0.017371,-0.0024352,0.010237,0.011853,0.0063457,0.014956,0.023046,-0.0078652,0.028589,0.0065548,-0.0044011,-0.0079383,0.012036,0.0065439,0.0040832,-0.0029142,-0.0056618,-0.0068627,-0.0085688,-0.047056,0.0047179,-0.0039416,-0.020276,0.021606,0.012587,-0.015417,0.00045354,-0.0029455,-0.0052407,-0.0056951,0.01323,-0.00046593,-0.0045738,-0.012611,0.0044869,-0.014446,0.014969,-0.011953,0.016676,-0.0052428,-0.00033903,0.0084549,0.0077162,0.0056775,0.0031331,0.004122,0.0069919,-0.004025,0.013963,-0.0064983,0.011438,0.02434,-0.00056565,0.016277,0.011837
-0.0091487,-0.012315,-0.0023482,0.0059837,-0.0088137,0.019341,-0.020961,0.010719,0.015183,0.015664,0.017181,-0.013727,0.00087089,0.00051357,-0.003744,-0.012627,-0.0099186,-0.010365,-0.016334,-0.010839,0.0011525,-0.001332,0.017098,0.011352,-0.0050054,0.0079224,-0.0062809,-0.016199,-0.012215,0.0035273,0.01919,-0.00078064,-0.0088051,-0.0067341,-0.0083744,-0.011058,0.003435,-0.0072965,0.010866,-0.0022561,-0.011565,0.0039091,-0.0088664,-0.01757,-0.00013742,0.0088556,-0.011416,-0.0062928,-0.0116,0.0089179,-0.013266,-0.019595,0.0030707,0.011398,-0.017327,0.012231,-0.00042118,0.030947,0.0090573
-0.0064481,-0.0060775,0.0011893,0.0081062,-0.014541,0.014001,-0.0026544,-0.0016142,0.024618,0.013939,0.012572,-0.012541,0.01629,-0.0035409,0.010206,0.0072353,-0.00055354,0.011757,0.020518,0.0097649,-0.028888,-0.0044372,-0.0024425,-0.002444,-0.00069815,-0.012616,-0.01921,0.0076894,-0.010797,0.017787,0.015488,0.0068793,-0.0026303,-0.028216,-0.009764,-0.0049486,0.0072503,-0.0090453,-0.0021124,0.00078193,0.01223,-0.010091,-0.030237,0.00087483,-0.012892,-0.028362,-0.00042083,0.005577,-0.0056545,-0.018741,-0.0086366,-0.00091281,0.0043426,0.0060381,-0.019525,0.01115,-0.013795,0.0047789,0.0070417
-0.0030417,0.0032964,-0.012341,0.034966,-0.013893,0.0013278,0.010855,0.0090621,-0.0029305,0.0016966,-0.00094477,0.0034021,0.021657,0.009866,-0.00053886,0.0074557,0.00041258,0.025124,-0.00053637,-0.0033755,-0.011842,-0.0044273,0.0043599,0.0063867,0.027253,-0.015324,-0.0016417,0.0088093,0.0073075,-0.0034623,-0.00056314,0.018364,0.026006,0.007999,-0.00027609,-0.012005,-0.0072726,-0.019603,0.00088583,-0.011886,-0.015696,-0.011222,-0.022329,0.017126,-0.015081,-0.0014616,0.0065315,-0.0042347,-0.0057287,0.017239,0.021506,-0.010891,0.018261,-0.0014096,0.011404,0.010525,0.012429,0.020126,0.022665
-0.0010225,-0.0070943,-0.0052632,0.019137,-0.0064857,-0.012231,0.017354,0.019577,-0.0053711,0.018637,0.010942,0.01855,-0.0064008,0.0013294,-0.0014293,0.0086966,0.0019135,-0.0043294,-0.020663,-0.0036154,-7.1768e-05,-0.0094218,0.004224,0.0050407,0.012085,-0.015766,-0.0053003,0.0043384,0.0046375,0.00063935,-0.012606,0.00027744,-0.0095733,0.02289,0.011847,-0.0019358,-0.023923,-0.017047,-0.0032374,-0.0086583,-0.0017122,-0.019216,-0.020637,-0.0035915,-0.011746,0.0042422,0.0082873,-0.025122,-0.0035127,-0.013756,0.0088373,-0.017235,0.041201,0.020024,-0.018924,0.0013843,0.012379,-0.0031018,-0.006706
-0.014965,-0.0052983,0.0061472,-0.01179,-0.016148,0.0022601,-0.0075191,0.0016176,0.0038756,-0.0060684,0.0042767,0.0087614,-0.01018,0.014238,0.0010796,0.020688,0.0069008,-0.013784,0.00094647,-0.0031868,0.014693,-0.017147,0.0096508,0.0055088,-0.0061324,-0.0040122,-0.016394,-0.0090051,-0.0005226,-0.030281,0.02091,0.0055754,-0.009718,0.0085168,0.0014294,-0.0057883,-0.015929,0.016644,0.0069282,-0.019231,-0.004705,0.0064566,0.0052257,-0.0096909,0.024037,0.012556,0.0064727,0.0028747,-0.026857,0.005097,0.0081175,0.015147,0.0039873,0.011455,0.023627,0.00057925,0.0073589,0.028735,0.020419
-0.020979,0.00046589,-0.0013149,-0.010772,-0.018526,-0.014891,0.0081845,0.0032373,0.0018877,0.01272,0.0074254,0.0053814,-0.018121,-0.011032,0.010792,-0.0030539,0.020941,0.031077,-0.0092659,-0.014082,0.0037609,-0.007008,-0.0043558,-0.012896,-0.0073492,-0.016024,-0.015392,0.00034268,0.0063934,0.0067338,0.014912,-0.0024029,-0.0026514,-0.0035535,0.0029895,-0.021812,-0.010536,0.0034727,0.0062693,-0.021674,-0.016433,-0.0091074,0.010493,0.0057008,0.0073998,-0.0037809,0.013399,0.010885,-0.016431,-0.0010183,0.0065733,-0.014597,0.0088422,-0.0035076,0.0029569,0.0042258,-0.01258,0.011367,0.015839
-0.0031149,0.0044612,-0.016188,-0.0098245,-0.0038006,-0.014623,0.0017398,0.0236,-0.00022651,0.0038583,0.0020963,0.002861,-0.014254,0.032813,0.00031709,-0.0014069,0.0098556,0.0038811,-0.0019179,-0.001086,-0.0044795,0.0038944,-0.0036416,0.014849,-0.0070649,-0.00331,0.0034293,-0.023632,-0.0038718,0.014286,-0.0047265,-0.024268,0.0032735,-0.0054623,-0.019812,-0.015367,-0.0013544,0.013089,0.012097,-0.010989,-0.0041172,0.0088484,0.0057221,0.017181,0.00032001,-0.00070572,-0.0066724,-0.0030422,-0.0029315,0.011245,-0.022316,0.0039447,0.0081536,-0.01702,-0.010854,0.0057867,-0.0083982,-0.022578,0.0063597
0.01484,-0.0083059,-0.010894,0.0049913,0.005109,0.0028969,-0.0050342,0.011635,0.0075319,-0.013253,0.035336,-0.0022846,-0.0080906,-0.017462,0.0083123,-0.011096,-0.0095999,0.0070053,-0.0068428,-0.0067627,-0.023973,0.0070339,0.00027013,0.011312,-0.0089454,0.0039442,0.0034726,-0.025829,-0.013451,-0.0091344,0.0082142,0.0019034,0.010455,-0.0026507,0.0081501,0.0032073,0.024908,0.019462,0.021007,-0.0012512,-0.017072,0.0072671,0.0044345,0.010712,-0.017219,-0.021982,-0.013189,0.00065818,-0.02634,0.0047492,-0.0037308,-0.017463,-0.0082338,-0.0088892,0.0045627,-0.012782,-0.0018356,-0.00011043,0.0022265
0.00054064,-0.013414,0.0027915,-0.0098695,-0.00049241,0.012272,0.00076872,0.00050081,-0.0018558,-0.0010109,-0.0069862,0.010638,-0.0054499,-0.0061326,0.00348,-0.016913,-0.0052634,0.0068972,-0.0069562,0.0076504,0.011121,0.0026536,-0.0025056,0.00076339,0.011667,-0.0075321,-0.0055865,0.0028653,0.0070497,-0.014479,-0.013127,-0.010821,-0.009043,-0.011283,-0.010182,0.001977,-0.00019072,-0.024583,-0.0052165,-0.0068636,-0.006721,0.0083922,-0.0057865,-0.0043412,-0.027213,-0.0055642,0.0029417,0.0072895,0.0021407,-0.019123,-0.023502,-0.0058183,0.011974,0.010188,-0.0089056,0.017131,0.0043072,-0.010935,0.007452
-0.0083548,0.0074515,0.0030628,0.0042208,-0.0077018,-0.0074987,0.0037226,-0.0050733,-0.0054555,0.013345,-0.0043772,0.010554,-0.00015672,-0.0017332,-0.014768,9.2383e-05,-0.0015874,-0.0084917,-0.015282,0.0049113,-0.00084363,-0.0035836,-0.013072,-0.0020051,0.0017344,0.01629,0.008556,-0.04719,0.0030006,0.022755,-0.0099551,-0.0014861,-0.019465,-0.002513,-0.010785,0.010677,0.015402,0.00916,-0.0028082,-0.0066293,-0.0065416,-0.0030732,-0.010167,0.008635,-0.019034,0.010165,0.0084165,0.0091232,0.012857,-0.0046072,-0.0033946,0.00039928,-0.0035671,-0.006816,-0.0099065,-0.02251,0.01318,0.029458,0.0034993
0.020465,0.010612,-0.015647,0.0058355,0.00073105,-0.016137,-0.001666,0.014477,0.0086662,0.0057827,-0.021802,0.0024495,-0.0027682,0.019745,-0.0098702,-0.013851,-0.0075218,0.014241,0.01812,-0.0071821,0.0036961,0.019558,0.00017539,0.0067983,0.006513,0.021794,0.0031788,-0.0051179,-0.00042738,-0.0062138,-0.015216,0.0066043,-0.024373,-0.0076416,-0.010028,-0.013006,0.0070579,-0.001432,0.0041148,-0.0042274,-0.016324,-0.015337,-0.0079581,-9.0593e-05,-0.0070609,-0.013309,-0.0050215,-0.0039156,-0.0038659,0.0276,0.00045783,-0.017213,-0.0022159,-0.0047461,0.012277,-0.0037343,-0.0034619,0.0089114,-0.006236
0.0058308,0.035276,-0.004114,-0.0022557,-0.0036919,-0.00066898,0.023936,0.0024517,0.0030159,0.0094148,0.0012636,0.0041358,0.0049311,-0.016723,0.012077,0.0006045,0.012633,0.0035772,-0.018882,-0.0024436,0.0098258,0.013481,-0.0059302,-0.0050418,-0.0083867,0.0060907,0.0051897,-0.0026781,0.0050085,-0.00010658,0.017289,-0.0054917,0.016039,0.002371,0.0016221,0.0054258,-4.2683e-05,-0.015262,-0.0048212,-0.011417,-0.002118,-0.027338,-0.0008185,-0.020714,-0.0059194,0.0072315,-0.003903,-0.00023212,-0.012734,0.0141,0.0045784,-0.0024305,-0.014407,-0.0057459,-0.00407,-0.014685,0.0085256,0.019873,-0.014892
-0.00075533,0.019183,-0.00017691,0.0012277,-0.0061342,0.016422,-0.0052096,0.00021297,0.0078446,0.0036068,0.010321,0.021859,0.006659,-0.002428,0.011518,0.0023406,0.00059935,-0.015501,0.0097867,0.0080466,-0.003955,-0.011052,0.00016562,-0.001326,0.0087211,-0.012004,-0.011966,-0.0045861,-0.016238,-0.0087419,-0.0031329,0.0056262,0.0047187,0.012208,-0.0041695,0.01374,-0.0002487,-0.0004241,0.011391,0.014877,0.00029603,-0.02588,-0.024159,0.0049899,-0.015486,-0.0090322,-0.011462,-0.0091763,-0.022333,0.00073505,-0.0024134,0.022702,0.018763,0.0059661,-0.014193,-0.011412,0.014947,-0.0037476,0.0071288
-0.0078334,0.0014568,-0.0053161,0.018592,-0.027961,0.0036129,-0.010096,-0.0039941,-0.0078632,0.0052417,0.0015834,-0.0012984,-0.014883,0.0078905,0.0030575,0.013239,0.021411,0.011023,-0.015843,0.010964,-0.018207,0.0097826,0.015032,-0.024094,0.016993,-0.0076569,0.00029753,0.0080798,0.0074916,-0.003419,-0.0091571,0.0044559,-0.003279,0.0080172,0.00098634,-0.0058108,0.0081222,-0.0027884,-0.015569,-0.023557,0.0048069,-0.029994,-0.013678,-0.0015391,0.00505,-0.021768,-0.0072171,-0.016497,-0.0053351,-0.0060464,-0.0048928,-0.0023662,0.0016357,0.0047924,0.0069765,0.0059272,-0.01194,-0.034204,-0.0029281
-0.0034729,-0.025099,-0.0035801,0.014855,0.015136,-0.0016338,0.021848,0.0032805,0.0067088,0.006479,-0.0098446,-0.0016258,-0.0094039,-0.014775,-0.00043251,0.001488,-0.00736,0.0083041,0.029624,-0.0018702,0.018414,-0.016376,-0.0089087,0.01158,-0.007669,-0.0027596,-0.019431,-0.01691,0.012161,0.018521,0.026795,0.0046837,-0.0023179,0.012023,0.012167,0.011338,0.0048652,0.011348,0.001505,-0.00059609,0.0064539,-0.0054199,-0.0060097,0.0057916,0.0022038,-0.0076011,-0.016092,0.014994,-0.008644,-0.018195,-0.012967,-0.0024023,-0.0025218,-0.0021156,-2.4692e-05,0.0063553,-0.0055788,-0.018001,-0.010011
-0.021767,-0.0063676,-0.014053,0.0053306,0.0079747,0.0080257,0.018605,0.029768,0.017018,-0.018359,-0.014372,0.0090089,0.013311,-0.0065147,0.030832,0.023412,-0.0045879,-0.0029411,-0.00047287,0.0010454,0.011371,-0.0030372,0.010337,0.0084533,0.0096589,0.0093711,-0.0078776,-0.0015261,0.015547,0.013632,-0.028176,-0.014518,0.0007896,0.003415,0.0027666,0.00087567,0.032782,0.0039249,0.014809,-0.012218,-0.0082138,-0.0087088,-0.012393,-0.0094342,-0.010327,0.0013477,-0.014314,0.0018889,-0.0097466,0.027881,-1.6525e-05,-0.0073559,0.0035766,0.0093616,0.011183,0.014127,-0.006702,-0.013676,-0.00068107
-0.0051515,0.0053931,0.0055956,0.0072529,-0.0097394,0.0023774,-0.0078842,0.023098,0.0175,-0.021075,0.026629,0.0067256,0.0068029,0.0055936,-0.0013705,-0.012536,0.022372,0.01684,-0.020189,-0.01354,0.013742,-0.0089652,0.0013819,0.021531,-0.015126,-0.0045667,0.00020116,-0.019978,-0.012645,0.0030701,0.0061918,0.016167,0.017648,-0.0071329,0.00081833,0.018305,-0.021519,0.0029128,-0.006434,0.00081382,0.018276,-0.025788,-0.013057,0.010446,0.011494,-0.012631,-0.0016793,-0.026012,-7.2446e-05,0.013178,-0.015995,-0.00053573,0.015752,0.0026155,-0.013669,-0.018095,0.0060129,-0.022848,0.007904
0.013838,0.019842,0.0067887,0.023436,0.014988,0.017131,0.018843,0.0061507,0.0025169,-0.015868,0.0035053,-0.0038898,-0.01261,0.014257,0.015869,0.010865,0.0056738,0.004593,-0.017068,-0.0088306,0.012343,-0.032175,0.0079525,0.0053303,-0.0057595,-0.0089479,-0.018586,0.0061172,0.010929,0.0032341,0.0044681,-0.0022143,-0.0050985,0.0096034,0.018289,0.018475,-0.0019425,-0.010271,-0.016205,0.0042568,0.000722,-0.02228,-0.0017601,0.0087524,-0.0026599,0.017166,-0.015983,-0.0081004,0.0041759,0.0012336,-0.0013603,-0.022137,0.006296,0.00086782,-0.0074352,-0.00061674,-0.023629,0.0088499,0.004045
0.0014098,-0.0064932,0.011291,-0.018686,0.0042801,0.013606,0.015963,0.012436,0.012201,0.024411,-9.6944e-05,-0.0029659,-0.00088787,0.002795,0.0087558,0.012574,0.0097307,0.012296,0.020342,0.011963,0.0076601,-0.021618,-0.011898,0.0066856,-0.0066927,0.016282,-0.016886,0.020505,0.018289,-0.0078427,-0.015475,0.002305,-0.011096,-0.014319,-0.0083501,-0.0032472,-0.021836,-0.0078203,-0.006413,0.004091,0.011124,0.008632,-0.0098059,-0.026348,0.0069115,0.00095652,-0.0034196,0.0027229,-0.0021916,0.021347,-0.017997,-0.018101,0.011563,-0.0061683,0.0028894,-0.021827,0.0051931,-0.012258,-0.00090372
0.014639,-0.0010904,0.0034874,0.020037,-0.010659,-0.0085541,0.010504,-0.0064281,0.036348,0.012033,0.017671,0.0083382,-0.00038098,0.013532,0.0090806,-0.00073757,0.0028187,0.013734,0.033168,0.01866,0.0093964,0.0075625,-0.0057385,0.0044145,-0.0036192,0.013431,-0.0069412,-0.0067273,0.0042952,-0.014303,0.0058146,-0.0040899,-0.010102,-0.00040548,-0.017418,0.026295,-0.0024448,0.0096191,-0.012737,-0.015945,0.0075232,-0.0072745,0.015529,0.013234,-0.025058,-0.013081,-0.0098996,-0.016479,-0.015748,0.022301,-0.0024692,-0.030531,-0.012041,-0.0021828,0.0026121,-0.0082078,-0.0017178,-0.032944,0.020481
0.0025611,0.018008,-0.0047031,0.0028693,0.022724,0.026165,0.0080352,0.014951,0.020854,-0.00054733,0.0049156,-0.010927,0.011884,0.018093,0.00096218,-0.0089438,-0.0059215,0.0082295,0.0024877,0.021913,0.0041534,0.0075098,0.019703,0.0022596,-0.026004,9.0299e-05,-0.005169,-0.0088952,-0.021776,-0.011768,-0.038781,-0.0035461,0.0053396,-0.019008,-0.0038315,-0.0010254,0.00075886,-0.002867,-0.012936,-0.011678,-0.0024937,0.00025932,0.011977,-0.0010429,0.0069988,-0.027312,0.005807,0.019462,-0.00451,0.017371,0.0023375,0.017384,0.0037832,-0.0037565,0.0026031,-0.0094689,-0.026392,-0.0031985,0.010978
0.0077863,0.025996,-0.0030457,0.011595,-0.01062,-0.004451,0.01904,0.019514,-0.0066568,0.016623,0.023882,0.0013023,0.009372,0.0047585,-0.0026839,-0.018361,0.015619,0.0056262,-0.0078384,-0.018812,-0.0011033,-0.016438,0.0041989,-0.00091337,0.011065,0.011366,0.00579,-0.028127,-0.012692,0.0039894,-0.014483,0.0004131,-0.0072405,-0.00093519,-0.015121,-0.012191,-0.014623,-0.002507,0.021109,0.0046095,-0.0033456,-0.0099427,-0.0029897,0.010327,0.028613,-0.00058743,-0.0079098,0.0099488,-0.011252,0.0011121,0.0043151,-0.01418,0.014212,0.013107,0.0044327,-0.021198,0.022568,0.0096208,-0.017724
0.015926,0.015366,0.0060032,-0.0048239,-0.0041505,0.034003,0.0030449,0.01523,0.02071,0.012398,0.021045,0.012696,-0.0047741,0.010069,-0.0079342,0.021575,-0.0074307,0.021973,-0.0018565,-0.013477,0.016448,0.025232,-0.009695,0.015531,-0.0085499,0.0010251,0.0059097,0.0048789,0.011403,0.0003055,0.0067604,-0.0094702,0.010173,0.010823,-0.011965,-0.024122,-0.014583,-0.024475,0.0085373,-0.00031045,0.018208,-0.0027478,0.02437,0.0050875,-0.010835,0.00067007,-0.00061879,-0.0047945,0.00084479,-0.0085911,-0.0038534,-0.0050367,0.0099249,-0.022928,-0.016195,-0.0024592,-0.022523,0.022052,0.011143
-0.00056802,0.021131,0.0015412,0.020388,-0.022384,0.0056294,-0.0087084,-0.0064325,0.008793,0.016244,-0.0023605,0.011017,0.018031,-0.0059725,-0.01839,0.012706,0.009748,0.01093,0.0017015,5.3824e-05,0.0093841,3.2535e-05,0.0031864,0.02531,-0.0022706,0.0035237,0.015313,-0.026427,-0.0060133,0.010648,0.016003,-0.0028627,-0.0027685,0.0086771,0.015597,0.00096727,-0.0019222,-0.0033187,0.0069912,-0.0063735,-0.012182,-0.0037062,-0.016051,-0.00099243,-0.0024264,0.003982,-0.022419,0.010545,0.014399,-0.02229,0.010508,-0.00035284,-0.0079279,-0.015727,0.0014632,0.010939,0.0081103,-0.0099753,0.011929
0.016572,-0.0078747,0.011267,0.0035238,0.00074914,0.0054719,-0.0047837,0.0015194,0.0092108,0.033372,0.017732,0.021849,-0.0073601,0.0108,0.0029849,-0.0070848,-0.0038756,0.004515,-0.013278,-0.002508,0.018164,-0.013187,0.0021911,0.0085957,-0.0086293,-0.0099506,-0.01102,0.0036545,-0.016681,-0.013875,-0.0032061,0.00085559,-0.00034601,-0.0092063,-0.022947,-0.0079135,-0.0087309,0.006107,0.0068185,0.0023095,0.040577,-0.0081173,-0.0069286,-0.015538,-0.00012027,0.0070448,0.0057765,-0.0026369,-0.0087627,0.0061462,-0.0055944,-0.0085663,0.016188,0.0043344,-0.0065783,-0.018234,0.01765,0.002923,-0.0014038
-0.00083138,0.01688,-0.013219,0.017134,-0.012039,0.012774,0.0084394,0.017452,0.0070007,0.036745,0.018886,0.009404,0.0091544,0.0032452,-0.0037349,-0.0018765,0.011089,0.002475,-0.011928,-0.012548,0.012392,0.034355,0.00099923,0.011315,0.0099466,0.037832,0.010486,0.020167,-0.008222,0.011554,-0.0074323,-0.0097933,0.0021081,-0.01239,-0.023848,-0.0036326,-0.016248,0.0019206,-0.00064111,-0.00037893,-0.0060561,-0.00036481,0.0047243,0.0077644,-0.011051,0.0038978,-0.00069451,-0.0018925,-0.0044317,-0.0064059,-0.020859,-0.0094477,-0.0073858,-0.014761,-0.0086936,0.00094949,-0.0071296,-0.0083447,-0.019018
0.011417,0.0046308,-0.014208,0.00054901,0.0063042,0.0019511,0.005415,0.013653,0.0092686,0.042604,0.017869,0.020112,0.026309,0.016738,0.0083878,-0.0034819,0.0043408,0.011123,0.0057025,0.018165,0.014999,0.0070109,0.017649,0.0060399,-0.0052701,-0.01041,0.00080163,-0.0026638,0.0060913,-0.0019313,0.010567,-0.0056071,-0.0094956,0.017311,-0.0051257,0.0013688,0.0010312,-0.032385,-0.0058466,-0.014336,0.0006401,0.0062165,0.0042084,-0.021974,-0.0043488,0.010899,-0.012326,0.0044404,0.0014891,-0.016573,-0.01131,0.0049159,-0.0060732,0.0081561,-8.8547e-05,-0.0019281,0.0041533,0.022951,-0.0036764
-0.027262,0.0068755,0.024717,0.032384,0.0098392,0.015326,0.021459,-0.0020068,-0.0064237,0.032237,0.029625,0.012896,0.0099183,0.018744,0.012562,0.012033,0.0049427,0.0096534,-0.012148,1.6564e-05,-0.0052037,0.0035701,0.029248,0.00044274,-0.0049283,0.011278,0.011519,-0.00069442,0.0019332,-0.0025127,-0.0065594,-0.0011439,-0.010921,0.0063431,-0.01463,-0.0066704,-0.00092378,0.0059796,-0.0097368,0.0053747,0.016227,-0.0045319,0.0059329,0.0049722,0.0043616,0.016975,-0.0072966,-0.017651,-0.012597,-0.02125,0.0079201,0.0068598,-0.010656,0.0039752,-0.028857,0.0046098,0.0022628,0.010445,0.0063206
-0.0038631,0.0013426,0.013559,0.019305,0.031112,-0.0060769,0.015358,0.015999,0.029484,0.018812,0.023323,-0.0067226,0.015486,0.011151,0.01669,-0.0015951,-0.010701,-0.014174,0.022716,-0.0045789,0.0095038,0.0062219,-0.0018616,-0.0042437,-0.0013924,-0.0027411,-0.01128,-0.0024382,0.010098,-0.0054374,-0.0035719,-0.010022,0.0031495,0.00078476,-0.0095448,0.011515,0.0083752,-0.0045693,0.0071813,0.013436,0.0057075,-0.013918,0.0028487,-0.017675,0.00055909,0.0042408,-0.02406,0.0086679,-0.0013175,-0.0058774,-0.0038513,-0.010963,-0.010182,-0.022838,0.019569,0.0053299,-0.016588,-0.019188,0.0084104
-0.011876,-0.0072419,-0.0072359,0.019758,0.003298,0.0057347,0.014581,0.00080354,0.028181,0.040758,-0.0079002,0.0084237,-0.0064049,0.0070947,0.039129,0.021416,-0.0026663,0.024399,-0.017501,0.0068218,-0.00058134,-0.021144,-0.012673,-0.013394,0.014848,0.00054822,0.015489,-0.0044436,-0.0079005,0.02577,0.012467,0.001942,0.0055402,0.0047082,-0.016341,0.0053084,-0.0046876,0.0034721,0.017836,0.00087417,-0.011574,0.0085892,0.0020288,-0.0084467,0.036857,0.0055629,-0.018869,0.0033314,-0.0059013,0.017109,-0.0083051,-0.015473,-0.011215,0.020272,0.0098933,-0.012873,0.00093501,0.004723,-0.011669
0.016803,-0.0023102,0.01296,0.00098965,-0.017724,-0.0024797,0.019505,0.029936,0.023219,0.035256,0.014208,-0.0064155,0.014673,-0.0024865,-0.015781,0.012905,0.0090431,0.0056759,0.0069793,-0.0052312,0.013039,0.0097178,-0.0016524,0.0017854,0.023332,-0.0026764,0.013736,0.013392,0.00061078,-0.0075504,0.0031289,0.0020887,0.0034927,-0.01393,-0.013445,0.0031355,0.0094065,-0.010146,-0.0086707,-0.016696,-0.005079,0.0073744,0.0098222,0.015056,-0.0067388,0.0066245,0.010157,-0.011859,-0.019206,0.0055332,-0.0023258,-0.0069611,-0.028088,0.0020763,0.00086797,0.013512,-0.011218,-0.0060365,-0.0080292
0.0047672,0.0059636,0.031257,0.011569,0.00082728,0.013578,0.01953,0.022066,0.039404,0.048567,0.020536,0.00010423,0.020409,0.0030343,0.017117,0.020367,0.011032,0.00081334,0.001459,0.0059608,-0.017436,-0.0011318,-0.0090266,0.024875,0.0056797,0.01106,0.0025058,-0.013472,-0.018052,-0.031591,0.0045707,-0.016111,0.0020067,-0.0097087,-0.0095074,-0.0025949,-0.014479,-0.0097088,-0.020659,0.014851,-0.0028206,0.018829,-0.0085498,-0.0059902,0.0019148,0.0036852,0.020388,0.00047909,-0.0085096,0.014576,0.0015246,0.0063544,-0.0092314,-0.0036021,-0.0076401,0.0052795,0.0048995,-0.014335,0.0038694
0.0083565,-0.020072,0.020936,0.017745,-0.002432,0.018316,0.021844,0.01465,0.043843,0.0319,0.044805,0.02755,-0.011074,0.0031841,0.0040033,0.023685,0.013646,0.011759,0.00552,-0.0011688,0.011355,0.010902,0.005017,0.010922,-0.0063494,0.024148,0.011343,-0.0048194,-0.01455,-0.006403,0.0015205,-0.011812,0.016501,0.0049796,0.0072788,-0.0076035,0.0061021,0.0068317,-0.01006,0.014808,0.011453,-0.0027379,-0.019437,-0.0088468,-0.0088245,0.002901,0.020858,-0.011852,0.013272,-0.013814,0.0041768,-0.00074629,-0.0013155,0.0017839,-0.01419,-0.013814,0.02713,-0.0017406,-0.0011898
0.011796,0.00088413,0.0030782,0.001641,-0.0034665,0.025331,0.028634,0.018137,0.072236,0.016187,0.0029849,0.013339,0.016258,-0.003079,-0.0089006,0.0042521,0.0149,0.011891,0.020463,-0.012501,0.010684,0.006469,-0.019764,-0.002365,0.0041098,0.021577,0.018429,-0.025793,-0.020721,0.0071959,0.0025316,0.0063807,-0.0053266,0.017018,0.0082727,0.0056213,-0.0017569,-0.012817,-0.012426,0.013937,0.0096606,-0.014123,-0.012492,0.0052973,-0.0014821,-0.016563,0.013217,-0.0051011,0.011657,0.0057169,0.0042567,-0.017841,0.010854,0.0079737,-0.0061612,-0.0014138,0.0034263,-0.016436,-0.003494
-0.00035401,0.0081287,0.01369,-0.004653,-0.019213,0.0042061,0.0023055,0.028104,0.028978,0.045249,0.0056717,-0.010813,-0.00014372,0.029152,0.0021747,-0.004945,0.0048236,-0.0057947,-0.01953,0.018327,-0.0013447,0.0040682,0.0089819,-0.00030159,-0.017041,0.001905,-0.016918,-0.016359,0.0047267,0.0051251,0.021064,0.0031075,-0.0096243,-0.0052837,0.013212,-0.014023,0.011644,0.017819,0.01018,-0.0089581,-0.0022202,0.013045,-0.0010575,-0.0050626,0.0035919,0.003126,0.010839,0.0017184,0.0048848,0.0074318,0.0011085,-0.0069383,-0.0014149,0.0062268,0.0076462,0.023253,8.5505e-05,0.0092218,0.0012985
-0.0093209,0.0056073,0.013475,0.0075972,0.0036665,0.0014725,0.0077531,0.0049365,0.034288,0.010084,0.013744,0.014212,0.0079325,-0.0029745,0.006156,-0.0042101,-0.0045507,0.0027902,0.010197,-0.0044578,0.0047931,-0.018176,0.00097539,0.0016927,-0.0065568,0.012595,-0.013433,-0.0044412,-0.0015865,-0.010138,-0.018445,-0.0092738,-0.011943,-0.0080836,-0.007827,0.0015765,-0.009664,0.036406,0.011307,-0.0085136,0.014664,-0.023181,-0.011989,0.0082339,0.0122,0.013389,0.031622,-0.0048926,-0.0108,-0.0076868,-0.0049608,-0.0071605,-0.0049983,0.017359,0.00023074,0.007261,-0.010735,-0.0037106,-0.00030887
0.005669,0.0094236,0.015893,0.0044761,-0.0057108,0.011413,0.0013781,0.056785,0.029613,0.024627,0.0073706,0.0069566,0.0038599,-0.0066705,-0.0011156,-0.0091104,-0.0070997,-8.2856e-05,0.0035812,0.012023,-0.01954,0.015151,0.00077884,-0.017966,-0.0080984,0.0023395,0.0040393,-0.023909,-0.019781,-0.010011,-0.023741,-0.00094974,0.0091546,-0.0049237,0.0077549,-0.0040243,0.020659,-0.0072456,-0.021674,-0.010164,0.009584,0.022605,0.00056955,0.00554,0.014699,0.00475,-0.025616,-0.0079646,0.010201,-0.0010574,0.012908,0.016333,-0.0042136,0.0017848,-0.005526,-0.014464,0.0053882,-0.004634,0.0061935
0.020372,0.023697,-0.010043,-0.012518,0.0031454,0.0024355,0.016529,0.025833,0.04656,0.0056169,0.00046526,0.011945,0.012941,0.0088517,-0.0039857,-0.0095978,-0.0022851,0.021135,0.0051222,0.0052903,-0.021168,0.0023313,0.020662,0.011079,-0.0013364,-0.0027852,-0.018678,0.02372,-0.00083366,-0.00021625,0.0026236,-0.019282,0.016461,0.020665,-0.0080529,-0.007006,-0.0043051,0.02966,-0.023194,0.016919,0.018954,0.0082433,0.029456,0.01096,0.012412,-0.0092571,-0.0097042,0.0019409,-0.014094,0.0020949,-0.009522,-0.018352,-0.0017159,0.027926,0.018216,-0.0070098,0.0055953,0.012294,-0.018654
-0.0080209,0.0039558,-0.0034948,0.012207,0.015996,0.0043284,0.021835,0.0065956,0.04546,0.017903,0.017946,0.00042247,0.015271,-0.0016095,-0.013886,0.019516,0.00065533,-0.0053733,0.0069869,0.015326,3.2244e-05,0.01028,-0.010629,0.0019868,0.00050697,-0.0075962,0.020586,-0.0058627,0.016809,-0.00073659,-0.003488,0.015417,0.0070645,0.011491,0.014852,0.0056121,0.0074635,0.016845,0.014086,0.014029,-0.00028829,0.022785,-0.0083379,-0.0092049,-0.00079937,0.007424,-0.0033808,-0.018095,0.0006381,-0.0077523,0.0043327,0.0088298,-0.012875,0.0033093,0.0029263,0.02696,-0.016235,-0.01777,-0.012152
-0.0042346,0.010143,0.010387,0.012378,0.0052316,-0.0051425,0.025291,0.020297,0.05101,0.022103,0.020981,0.0094448,0.0098117,0.0032884,0.0064998,0.01394,0.0013309,-0.0058322,-0.0022965,0.011762,-0.0033575,0.01698,0.015225,-0.0046491,0.00081001,-0.0034141,-0.0046098,-0.0071028,-0.0074095,-0.00013866,-0.0028935,-0.0058088,0.0033669,-0.0037497,-0.013298,-0.0091926,0.0038423,-0.0086802,0.0036169,0.0024802,-0.00022803,0.018817,0.015966,0.0051155,0.013407,-0.0014255,-0.010099,-0.0021689,0.018296,0.0071457,0.019884,0.009966,0.014157,-0.0032334,0.020178,0.020464,-0.024781,0.0075869,0.0028033
0.0082354,-0.020379,-0.0064103,-0.016537,0.0040448,-0.012217,0.010132,0.021596,0.057383,0.0092177,-0.018794,-0.0082199,0.027548,0.0041805,-0.0082771,-0.0097741,0.0079845,-0.014041,0.0057878,0.0048874,-0.012341,-0.002923,0.0037596,-0.00038784,0.010154,-0.005392,0.017575,-0.0043838,0.00090716,-0.00047895,0.022638,0.0049685,-0.0045319,0.0057301,0.006677,0.0057132,-0.010477,0.02943,-0.0078831,-0.014768,-0.00076962,-0.01842,-0.021775,-0.017668,-0.019669,0.01298,0.015423,0.014347,-0.0034759,-0.0046011,-0.010614,-0.0036507,0.007116,-0.0067703,-0.012012,-0.026135,0.018129,-0.0075805,0.0048258
0.0048914,0.012529,0.0067551,-0.0028766,-0.011727,0.0048779,0.027989,0.028072,0.062664,0.016527,0.010007,0.0083677,-0.001427,0.0088432,-0.0068622,0.0035853,-0.0030175,-0.0063568,0.0013717,-0.00050297,0.021118,0.0084346,-0.014324,-0.012575,-0.0083172,0.0061645,-0.010104,0.0023163,0.026613,-0.0090753,-0.0062515,0.0173,-0.0073348,0.020783,0.017338,0.020415,0.010525,-0.0068592,-0.011452,0.00036846,0.0051171,-0.00078238,0.0005079,0.007134,-0.019042,0.0022839,0.0031464,0.0080796,-0.010214,0.0073345,0.018702,0.0011214,-0.025422,0.0027031,-0.0045109,-0.0048179,0.010675,-0.006074,-0.0084929
-0.029002,0.0081166,0.015535,-7.0598e-05,-0.0031526,-0.0016396,0.029801,0.031775,0.037868,0.020397,0.0090641,-0.00065209,-0.0049961,0.014777,-0.023287,0.018286,0.0014699,0.0042013,0.0071508,-0.0004766,-0.0040567,0.0092722,-0.0075988,-0.0026039,-0.0094631,-0.0015043,0.0019726,-0.0013769,0.00012101,-0.0034276,-0.0070042,-0.027509,-0.0047273,0.0032718,-0.0094744,-0.0052236,0.0072096,0.016305,0.0068374,0.0080201,-0.0098779,-0.019312,0.022901,0.009687,-0.014335,0.004179,-0.0096867,0.0063813,-0.013042,-0.0091273,0.0029486,-0.0062299,0.0032129,0.001481,-0.010918,0.0079324,-0.017255,-0.021382,-0.0083889
-0.0035,-0.0089541,-0.0016244,-0.016003,-0.0016058,-0.01057,0.023788,0.0142,0.039103,0.01017,-0.024886,0.0046534,0.0041132,0.013837,-0.0023518,0.012133,-0.0083367,0.0051905,-0.014519,-0.0076946,-0.0024676,-0.02077,0.0084217,-0.010336,0.0058033,0.0059269,0.0055775,-0.0094505,-0.0070619,0.01369,-0.0075207,-0.013921,-0.0078807,-0.015548,-0.015058,0.0049157,0.014309,0.0066907,0.0016119,-0.012398,-0.023467,-0.014447,0.0041728,-0.011879,0.0028828,0.001218,-0.0029174,0.023224,-0.018394,0.0081705,-0.014474,-0.010241,-0.007745,0.004774,-0.015894,-0.010625,0.0028179,-0.012967,0.0015219
-0.00061222,0.0035318,-0.016659,-0.025149,0.001182,0.031101,0.020995,0.045949,0.021189,-0.0029807,-0.00023088,0.0048439,0.0038633,0.0036386,0.016734,-0.011887,0.000671,0.0082411,-0.017801,0.020127,-0.013138,-0.0073128,-0.01059,0.018391,-0.018579,0.011405,-0.0012267,0.012389,0.0083486,-3.814e-05,-0.003529,0.0019443,-0.00028956,0.0075563,0.0085649,-0.010119,0.0084179,0.00098547,0.006709,0.00556,-0.014293,-0.0061377,0.0024157,0.0078498,0.0054873,-0.0086775,-0.0071932,0.0039635,0.011197,-0.0072254,-0.013969,0.0073606,-0.017967,-0.022496,-0.0012356,0.0089235,0.0047917,0.0078223,0.0054575
0.0032053,0.026589,-0.02761,-0.0094122,0.0045496,0.018748,-0.0039163,0.025275,0.013523,-0.018129,0.0011292,0.0040097,-0.0082893,-0.019146,-0.0032966,-0.005903,-0.0058736,-0.00035097,0.010207,-0.0029255,-0.0080658,0.0042494,0.0074559,0.0014177,0.0094401,0.0017255,0.00034259,0.0015051,0.012305,0.014028,-0.0031229,0.0020118,0.0041606,0.0089788,0.0063184,-0.0083443,-0.021825,-0.0080647,-0.016849,-0.0030382,-0.0043619,0.0044767,0.012314,-0.003561,0.0027385,0.013893,0.0039289,-0.0053123,-0.0057975,0.01074,-0.0096594,0.0035792,-0.0044542,-0.013344,0.011617,0.0046757,0.005068,-0.011581,0.012633
0.015374,-0.011364,-0.0011851,-0.015534,0.011144,-0.020098,-0.0019478,-0.0019239,-0.0066282,0.0019953,-0.0013587,-0.0034594,-0.012565,-0.026071,0.00073589,0.014688,0.013173,0.0097027,0.0095713,0.017901,-0.0028649,-0.0033156,0.011411,0.0071158,-0.0078236,0.0039228,0.0099092,-0.018045,-0.01004,0.0088925,-0.0067688,0.0066475,-0.0095792,-0.0075135,0.011061,-0.0066031,0.0010246,-0.011898,-0.0038014,0.0092681,-0.00097294,-0.012861,-0.0029967,0.0088506,-0.012622,0.010226,-0.0039998,0.0056669,-0.0094577,-0.010894,0.014715,-0.027635,0.02298,0.015079,-0.012672,0.0022465,-0.0021176,-0.017012,-0.011661
-0.021006,-0.010846,-0.0026157,0.010799,-0.0022893,0.018652,0.011732,0.0028416,-0.015395,-0.013678,0.011623,-0.031578,-0.01697,-0.0077179,-0.0027307,0.0063246,-0.0018264,-0.015121,-0.018129,0.0024771,-0.011474,-0.0085031,8.2457e-06,0.0054962,-0.023063,-0.00045184,0.024562,-0.0026459,-0.012155,0.023958,-0.0028751,-0.0077606,-0.012802,-0.023008,-0.0010286,-0.004721,0.0012599,-0.0030075,-0.0033835,-0.025674,0.0052343,0.011787,-0.0033301,-0.0034384,0.0053719,-0.0014529,0.0046241,-0.008818,-0.0077616,-0.019792,-0.011748,-0.0051515,-0.0032138,1.1051e-05,0.0087412,0.019793,0.0055566,0.02285,0.0044482
0.024505,0.0014059,0.0090272,-0.012199,0.0046575,-0.0026274,0.0027033,-0.028997,-0.029486,-0.0093084,-0.0018192,-0.0046592,-0.00022276,0.0053487,-0.010297,-0.009419,0.007966,-0.0076034,-0.0032513,-0.022022,-0.00010679,-0.014845,-0.0072316,0.013317,0.0065569,0.0033734,0.0022418,0.025986,-4.5644e-05,0.014334,0.0069966,0.0010458,-0.0212,0.016616,-0.018594,-0.019452,0.014363,0.018058,-0.016049,0.017698,0.0090677,-0.01544,0.018236,0.0011001,-0.0015355,-0.0015976,0.0035567,0.022327,-0.020704,-0.0032248,-0.012843,-0.021581,0.018631,-0.001451,0.012016,-9.9853e-05,-0.0046235,-0.018973,0.0094714
-0.0047899,0.0060164,-0.026222,-0.0022903,-0.00082582,-0.0097475,0.007137,-0.024615,-0.052782,-0.033011,-0.029292,-0.026352,-0.0031469,-0.0036749,-0.02586,0.0071066,-0.010805,0.01893,0.0075588,-0.00039494,-0.0089789,-0.0034437,-0.011182,0.010361,-0.021799,0.0040415,0.025246,0.0021416,0.020079,0.00065642,0.013638,-0.0061758,-0.00029679,0.0073776,-0.010399,0.010676,0.00042115,-0.0023272,0.012524,-0.007992,-0.017887,-0.036721,-0.010605,-0.0045904,-0.00093797,-0.0057194,-0.015941,0.0074231,0.0090715,0.0078821,-0.0056399,-0.01847,-0.0078551,-0.025368,0.022728,-0.00081557,-0.0055873,-0.014481,0.0053406
0.019127,-0.0079265,-0.010144,0.010962,0.00052146,0.013526,-0.028317,-0.033208,-0.051033,-0.0305,-0.014562,-0.023781,-0.017871,-0.0052743,-0.011152,-0.012059,-0.0036476,0.0045006,-0.015334,0.010239,-0.0013053,-0.012724,0.0035167,0.0078748,0.0067476,-0.011521,0.0078211,0.014721,0.0051808,0.020884,-0.014698,0.026073,0.0053339,0.015855,-0.011306,-0.01286,0.012351,0.0014979,-0.0017662,-0.016446,0.011681,0.0002995,-0.00039504,0.00085947,-0.016107,0.0065006,0.01181,-0.013112,0.023731,0.00045013,-0.0038634,-0.017558,0.0047574,-0.0072234,-0.012854,-0.019725,-0.00035714,0.0080694,0.0074525
-0.0047168,0.0081958,-0.017122,0.013907,-0.0062969,-0.00266,-0.011156,0.0094286,-0.028457,-0.032208,-0.01396,-0.01266,-0.012147,-0.0074703,-0.0025018,0.001458,0.0040774,-0.0049486,0.0016724,0.0019799,-0.017524,-0.0077969,-0.014432,-0.013904,0.017014,0.0015547,0.014822,0.0090156,0.011101,-0.0070992,-0.01229,-0.0035896,0.0067315,0.0041175,-0.017111,-0.004827,-0.00039719,-0.019506,0.004782,-0.0067806,-0.009047,0.00085505,-0.016202,-0.010734,-0.0059569,0.0011928,-0.029285,-0.014,0.0048833,0.0062082,0.00631,0.00012164,0.021638,0.011278,-0.00055939,-0.019488,0.0081389,-0.0074417,-0.0053248
-0.011691,0.00806,-0.0072553,-0.012868,-0.013235,-0.035351,-0.015802,-0.014593,-0.043181,-0.052561,-0.045303,-0.015154,-0.017987,-0.015457,-0.0059346,-0.015008,-0.0069226,0.010662,0.0070894,0.0040383,0.020775,-0.0025775,0.012828,0.0010313,0.00015816,0.0055435,0.0085624,-0.016646,0.00096956,0.0067617,-0.030168,-0.0084151,-0.010147,-0.010696,-0.033419,0.013423,-0.0085264,-0.01851,0.00053214,-0.011013,-0.0023188,0.0063743,-0.0057667,-0.025185,0.03122,0.0099081,0.0011295,-0.013146,0.0084952,0.026918,-0.0039169,0.017977,0.013041,0.0089788,0.005622,-0.0044173,0.010694,0.015838,-0.009549
-0.015681,0.00038917,-0.0063898,-0.013554,-0.0082622,-0.011764,0.01372,-0.016955,-0.036238,-0.032586,-0.025434,-0.019099,-0.014041,-0.0091366,0.0096235,-0.016793,-0.0087351,-0.0026504,-0.012186,-0.0062967,-0.0084073,-0.0038702,-0.006072,0.0074297,-0.011964,-0.00778,-0.018266,-0.020595,-0.0070129,0.013357,0.0038597,-0.0068055,-0.0072689,-0.0066592,0.0046352,0.001969,-0.0057858,-0.019526,-0.0053078,0.0063931,-0.0097874,0.0053482,0.026351,0.010047,-0.0058442,-0.0071822,0.0041362,-0.004903,-0.00036507,-0.0037707,0.015544,0.0020815,-0.013462,0.0008378,-0.019543,0.005246,0.0026892,-0.00083511,0.00092467
-0.0095772,-0.018702,0.0040906,-0.0093901,-0.016008,0.0083975,-0.0021259,-0.024336,-0.034561,-0.061307,-0.022195,-0.019173,-0.013034,0.0020893,-0.022458,-0.012982,-0.026053,0.016886,-0.0013206,-0.0026841,0.0098088,0.0061972,0.010526,-0.0022182,-0.019118,0.0055671,-0.031619,-0.0093132,0.013125,-0.0019418,0.002948,-0.0029824,0.014966,0.0020611,0.002388,0.0045596,0.0099064,-0.02061,-0.015009,0.011794,0.0096273,-0.0044769,0.017023,-0.014149,-0.0036063,5.3922e-06,-0.018399,0.023661,-0.015703,0.026151,-0.00066599,0.0011629,-0.021174,0.0012702,-0.0091936,0.0053401,-0.0050901,0.0018184,0.005655
-0.001467,-0.018633,0.0040164,-0.0090641,0.0013709,0.0011226,-0.0079433,-0.015286,-0.041936,-0.081974,-0.050814,-0.036722,-0.0071955,-0.0086185,0.0016507,-0.014963,-0.0039684,-0.023862,0.0025475,-0.003413,-0.0088944,0.019411,-0.012186,0.0049632,0.037014,-0.0076973,-0.0059453,-0.015496,-0.016079,-0.0091482,0.0045727,0.0066917,-0.0015915,0.02251,0.0014833,-0.0042558,0.0085972,-0.0085517,0.010019,-0.00046395,-0.018909,-0.0081019,-0.0094712,0.016503,-0.024307,-0.018434,-0.0013305,-0.014002,0.0038139,0.016781,0.010063,0.007172,0.015201,-0.0078265,0.0094044,0.00049547,-0.023406,0.0021861,0.023868
0.0020267,0.0023574,-0.0041729,-0.0099716,-0.0048889,-0.0077266,0.016158,-0.030275,-0.060056,-0.086807,-0.053356,-0.029673,-0.01994,-0.0077485,0.015149,-0.002772,-0.0043267,0.027676,-0.0078905,0.015399,0.0075941,0.021143,0.0063589,0.0030839,0.0095408,-0.0057293,0.0076017,-0.0065361,0.0023158,0.011401,0.0080337,0.011475,0.015614,-0.00020029,0.0061883,0.011115,-0.0038077,0.012524,0.0071034,-0.002921,-0.023686,0.013463,0.013692,-0.0042038,0.0084986,0.0087712,-0.0072459,0.0031746,-0.02152,0.001603,0.019281,0.0091938,-0.012505,-0.013138,-0.0044179,0.0065283,-0.0024363,0.023258,-0.00094761
-0.02632,0.0087743,0.0025734,-0.03333,-0.010989,-0.0062454,-0.010181,-0.024582,-0.062136,-0.097645,-0.053487,-0.019828,0.018073,-0.011164,0.011486,0.01566,0.0053697,-0.011951,0.0076374,-0.0046891,-0.00167,0.0075435,0.025382,-0.010101,-0.0074965,0.0039334,-0.0029673,0.0050035,0.0011981,0.0076044,0.0050955,0.0066998,0.0029757,-0.00584,0.026443,0.0027955,-0.0026369,-0.011726,-0.0043843,-0.0019595,0.0083647,-0.021752,0.013866,-0.0009703,-0.0033293,0.03079,-0.0058013,-0.018558,0.0025067,-0.0013032,0.0013694,-0.0095008,0.0079386,0.0012649,0.016553,0.013221,0.0019001,-0.0020399,-0.0094478
0.002227,-0.0018502,-0.019271,-0.0080583,-0.0034799,-0.038773,-0.018351,-0.020479,-0.043455,-0.062957,-0.097908,-0.039916,-0.025659,-0.013466,-0.01298,-0.0071199,-0.0069166,-0.013141,0.0033476,0.0044801,0.011042,0.014594,0.0094913,0.015126,-0.0031169,-0.01454,0.0010652,0.0048889,0.0076448,-0.00061034,0.0007652,0.00067297,-0.0015181,-0.0094547,0.0090876,-0.00036815,-0.0071361,0.0037626,0.0020906,0.0056838,0.02087,-0.011564,0.0047649,0.0069217,-0.013355,-0.010111,-0.024522,-0.0094636,0.0071192,-0.029799,0.0014876,0.010163,0.0014213,0.0025423,0.00059116,-0.0077648,-0.0070239,-0.017115,0.01391
-0.0071695,-0.011088,-0.0082096,0.011399,-0.0075237,-0.03647,-0.028381,-0.010096,-0.043031,-0.053446,-0.12639,-0.043116,-0.027099,-0.02658,-0.0017292,-0.0019556,-0.011203,-0.023821,-5.7673e-05,-0.0052099,-0.009812,-0.0079053,0.0012629,0.016646,-0.0045971,0.017967,0.0043432,-0.017585,0.00705,0.0069786,-0.012298,-0.0087503,0.017139,0.00044549,-0.0023785,0.013319,-0.0036177,0.00073266,0.0016157,-0.011511,0.012365,0.0028351,0.015296,0.0058948,-0.003571,0.0040873,0.0070055,-0.00093947,-4.1129e-05,-0.012117,-0.01507,-0.0010524,0.0030655,0.023598,-0.0026937,0.015162,-0.023905,-0.0023112,-0.0024339
-0.0060921,-0.0029832,-0.0083973,0.0023175,-0.011794,-0.01371,-0.0013937,-0.012901,-0.021803,-0.072758,-0.087733,-0.020081,-0.030799,-0.0078231,-0.017797,0.012985,0.0022463,-0.003589,-0.028334,0.011131,0.0022998,0.0042639,0.012476,0.0061309,0.0028926,-0.0046693,0.0016296,0.033588,0.00084557,0.016131,0.017154,0.0082111,0.037097,-0.0033283,0.0043876,0.0052787,-0.0059433,0.025987,0.0014766,0.022911,-0.0028495,-0.0072068,0.0085728,0.01247,-0.0013127,-0.0063767,0.00098636,-0.007147,0.016703,0.012549,-0.019659,-0.0054464,-0.0023942,0.0034898,-0.012892,0.0095054,0.0033738,-0.0065073,0.0047825
-4.6822e-05,0.0082912,-0.014044,-0.00076948,-0.012395,-0.0014368,-0.013249,-0.023614,-0.05172,-0.031083,-0.07738,-0.016332,-0.013173,-0.005463,-0.025348,-0.011565,-0.010143,-0.0063349,-1.0977e-05,0.025484,0.0065349,0.0034606,-0.002179,-0.024167,0.012812,0.003397,0.0052581,0.02271,0.0073191,-0.0092017,-0.002994,-0.012016,0.015266,-0.0036958,-0.0047639,0.034523,-0.0063027,-0.024832,0.0031563,0.0045381,0.017984,0.020654,0.0018468,-0.0064978,-0.0081609,-0.011306,-0.021162,0.014601,0.005087,-0.021346,0.0020804,0.00056529,-0.0054251,-0.022359,0.015493,-0.012768,0.015848,0.016184,-0.010002
-0.017465,-0.0062693,0.012865,-0.02232,-0.0071733,-0.0097841,0.0052454,-0.023666,0.011076,-0.027412,-0.028268,-0.025515,-0.018963,-0.023432,0.0036372,-0.00051885,-0.02126,0.013381,-0.0051958,0.017364,-0.022338,0.017991,-0.019013,0.0024636,-0.028883,0.00083322,0.0090108,-1.8884e-05,-0.0036691,0.016945,0.0078567,0.018654,-0.0095859,-0.0010086,-0.0077872,-0.004071,0.012949,0.0075404,-0.0025184,-0.0024815,0.0023215,-0.013709,0.0072108,0.0067553,-0.015108,-0.036941,-0.021923,-0.0015089,0.0046548,0.0074795,-0.0053547,-0.008971,-0.0013188,-0.0092532,-0.0090389,0.016876,0.0025129,-0.016072,0.0013721
-0.0090583,-0.0066073,0.0017639,-0.016812,0.015208,-0.0015234,0.015721,-0.0079891,-0.0041529,0.003559,-0.036516,-0.029523,-0.049165,-0.012339,-0.011855,-0.024298,0.0031325,-0.0082233,-0.0053824,-0.0072591,-0.0044823,-0.0091936,-0.0044248,0.014639,-0.0097582,-0.013832,0.019726,0.0018717,-0.010883,0.014748,0.0047857,0.028351,0.0014042,-0.0029693,-0.024871,-0.0060762,-0.0086546,0.021034,0.0042505,0.0080585,-0.0035265,0.012404,0.0027516,-0.0068465,0.01314,0.00010259,-0.012189,0.0025875,-0.0068342,-0.011252,0.002687,0.0050613,0.0086959,0.0047508,0.0076696,-0.001096,-0.0080438,-0.0099257,-0.00094985
-0.0065403,0.00017543,-0.0085868,0.006803,-0.0048354,-0.01446,-0.0082092,-0.038477,0.01282,-0.031168,-0.047817,-0.02791,-0.0040092,0.0060874,-0.014719,-0.00014446,-0.0061787,-0.026906,-0.013873,-0.012375,-0.0010833,0.012906,-0.0054349,-0.015527,-0.016993,0.0014763,-0.00068597,0.017544,0.013028,0.0038133,0.02286,0.0098958,0.01116,-0.018833,0.0068338,-0.014842,0.023024,0.011041,0.0019596,-0.0041093,0.0185,0.017348,-0.011715,-0.0023966,-0.0043249,0.0016878,-0.051058,-0.0054853,-0.014753,-0.0070509,-0.013042,0.010841,-0.0046794,-0.029229,0.00044503,0.020274,-0.0109,0.011112,0.0054005
-0.0019445,-0.00012536,-0.011132,0.0024073,0.0017458,-0.0057089,-0.00083556,-0.012371,-0.0071144,-0.010473,-0.01985,-0.026541,-0.01323,-0.024796,-0.02613,-0.01314,0.0091587,-0.035212,-0.021754,-0.011795,0.0075217,0.0018381,0.0070002,0.0085406,-0.003698,-0.0063662,0.019409,0.021943,0.019366,0.0059141,-0.010424,0.0011543,0.011324,0.0022499,-0.0017262,-0.0058109,0.0096651,-0.00097876,0.017096,0.0023435,0.00033832,-0.0023904,0.017556,-0.010632,-0.013356,-0.025408,-0.011583,-0.010449,-0.0052106,0.0078012,0.0097019,-0.0013691,-0.0040143,-0.0052086,-0.0030984,-0.00056172,0.003758,0.016816,-0.013599
-0.0097665,-0.014914,-0.0062252,-0.0032187,0.015977,-0.0040198,-0.004598,-0.034667,-0.012893,-0.0012106,-0.011085,-0.021591,-0.033531,-0.017694,-0.011716,-0.042977,-0.028941,-0.056007,-0.039826,-0.01289,-0.014517,0.0048804,-0.01413,-0.0037645,-0.0088269,-0.0099393,0.01699,0.0051823,0.0083443,-5.5958e-05,-0.0058998,0.011878,-0.0083749,-0.004086,-0.007333,-0.00039963,-0.012231,0.0060486,-0.014199,0.017013,0.017995,-0.0098241,-0.0076597,0.011297,-0.0081037,-0.016794,-0.0018686,-0.0065001,-0.024652,0.0082385,0.0040403,-0.017447,-0.011437,0.0073906,-0.012606,0.0057074,-0.011567,0.0065024,0.015797
-0.0095227,0.0092983,-0.0083629,0.020284,-0.023606,-0.011789,-0.0055437,-0.015294,-0.019867,0.0013974,-0.015027,-0.014763,-0.030937,-0.0385,-0.033432,-0.029253,-0.062108,-0.050576,-0.050929,-0.021368,-0.021314,-0.012498,-0.013309,0.00026693,0.010089,0.0093929,0.013289,0.018856,0.021486,0.021191,0.0029989,-0.005296,0.0030983,0.012695,0.00365,-0.0055204,0.0094744,0.0055495,-0.013635,-0.012378,-0.016571,0.0017053,0.015929,0.012467,-0.013612,-0.0096525,0.0030897,-0.010365,-0.01784,-0.017235,-0.023567,-0.014625,0.0039737,0.013011,0.014535,0.009339,-0.0022749,0.01246,-0.00073798
-0.0019929,0.0074457,0.0086034,-0.016771,0.0010092,0.0048226,0.041602,-0.0002199,-0.0023244,-0.0034485,-0.024499,-0.0020146,-0.01341,-0.048957,-0.031468,-0.066208,-0.052774,-0.049706,-0.05392,-0.034398,-0.01387,-0.019363,-0.0083917,-0.0013319,0.024441,-0.0070064,0.015874,0.0128,0.010183,0.010227,0.010035,0.00657,0.0087953,0.00047916,-0.0012304,0.027867,-0.0020406,0.013908,0.020423,0.0039322,0.01529,0.020266,0.00079492,0.0041882,0.013241,-0.0127,0.0092449,-0.00213,-0.014893,-0.0037868,-0.0059806,-0.019884,-0.0034197,-0.001686,0.0058342,0.0028356,-0.0054285,0.028592,0.0060589
0.029015,0.020209,0.0074765,-0.023058,-0.012091,0.0071533,-0.0090933,0.0095386,-0.009181,-0.0071379,0.0018203,-0.011875,-0.010513,-0.039806,-0.063754,-0.088556,-0.13014,-0.11008,-0.080314,-0.047904,-0.039907,-0.0067723,0.0040561,-0.020453,-0.0038229,-0.00085109,0.0068573,0.011282,0.0061973,-0.0017553,0.0046162,0.0037454,-0.0046047,0.020751,-0.0056151,-0.003113,0.0064119,-0.0015166,0.0009535,0.0071768,-0.0041067,-0.0059337,0.0073646,-0.004142,0.00064324,-0.0029539,-0.015412,-0.017111,-0.0034981,-0.00037281,0.019069,0.0080011,-0.019255,0.0052376,0.0068229,0.01308,0.0022451,-0.0052784,0.005577
0.0068423,-0.007113,-0.0019074,0.00087208,-0.0061063,-0.0047366,0.009218,-0.012023,0.00098748,0.0043379,-0.0066956,0.024017,-0.045353,2.9936e-05,-0.038009,-0.082079,-0.18431,-0.23328,-0.14772,-0.079874,-0.034598,-0.011892,-0.013363,-0.026251,-0.012466,-0.0020956,-0.0047232,0.013105,0.016366,0.0032399,0.010119,-0.0061759,0.019396,0.014903,-0.019066,0.0076882,0.0038796,0.021233,0.0046739,0.013227,-0.0092098,0.0039847,-0.011022,0.010831,0.015231,-0.0037728,-0.018972,-0.025996,0.011798,0.018511,0.0037252,0.0078645,-0.0020789,-0.018112,-0.009614,0.02037,0.0078346,-0.012178,0.0040966
0.0043418,-0.0012407,0.00039313,-0.014283,0.010196,-0.031122,-0.00044285,-0.0081251,0.0030427,0.0075587,-0.00034587,0.0071939,-0.011227,-0.00070972,-0.051112,-0.10075,-0.26369,-0.36559,-0.20925,-0.11538,-0.033008,-0.026395,-0.01071,-0.0038745,-0.010078,0.035991,0.0090167,0.01571,-0.0045288,0.0080252,0.0049192,0.02548,0.026505,-0.0055047,0.0019745,0.0041858,0.0055098,0.0069364,-0.012609,-0.012135,0.0022558,-0.015023,0.0059303,0.018906,0.01512,0.024895,0.0070218,0.016616,0.0010162,0.014124,0.00094565,-0.0013974,6.0247e-05,0.0045233,0.032342,0.0014112,0.0093635,0.0039272,-0.012019
-0.018775,0.0034614,0.0040074,-0.0017923,-0.010033,0.0011293,0.016521,-0.0024968,0.011537,0.0032516,-0.0016247,0.00046702,-0.024277,-0.01657,-0.07606,-0.17253,-0.38289,-0.35968,-0.16999,-0.065224,-0.066861,0.0029058,-0.0184,0.0062683,0.0077939,-0.0061816,0.0085927,-0.016582,-0.0064456,0.00089983,0.021877,0.0025544,-0.010892,0.0020856,0.012037,-0.009603,-0.00027418,0.032465,-0.00924,0.01277,0.0036156,0.01247,-0.019649,0.0010557,0.026751,0.002127,0.001021,-0.0096906,0.0068362,-0.002345,-0.017938,0.0042666,0.010871,-0.0090754,-0.019171,-0.0084032,0.00053034,-0.0032869,-0.015351
0.00040006,-0.020756,0.016664,0.0198,-0.015252,-0.0059406,0.0072411,-0.018327,0.0088441,0.0099979,-0.012413,0.0028227,0.0068056,-0.029655,-0.050673,-0.13467,-0.21899,-0.28941,-0.17661,-0.05954,-0.035033,-0.016087,-0.018671,-0.0027317,0.018826,0.0025678,0.0075142,0.0065705,0.0144,0.0016619,0.008591,0.0078394,0.0096351,0.009918,-0.029465,0.021147,-0.0081638,0.028874,-0.012467,0.011384,0.010523,0.0013775,0.022475,0.0054694,0.022878,-0.0092545,-0.007344,-0.0019789,0.029944,0.019482,0.025117,-0.01007,-0.00081455,-0.0032856,0.020741,0.010493,0.014167,-0.01912,-0.019003
-0.0011244,-0.00065671,-0.012265,0.0038703,0.0090504,-0.012324,0.0084619,-0.0073211,-0.014491,0.0029903,-0.01558,-0.0062603,0.028475,-0.011205,-0.032507,-0.070137,-0.14884,-0.1979,-0.21439,-0.086668,-0.041337,-0.024851,-0.016203,-0.046157,-0.0089761,0.025386,0.017997,-0.0040036,0.0099152,0.022524,0.0014566,0.01619,0.0090852,0.0046958,0.00094849,0.0082402,0.0092755,0.016532,0.018196,0.0085153,-0.025667,-0.030708,0.014473,0.026561,0.015016,-0.0063568,0.0029905,-0.024717,-0.0010054,0.0047718,-0.0015661,0.013701,0.003986,0.000843,0.027358,-0.020293,0.010796,-0.00025381,0.0046572
-0.018446,-0.0099416,0.014342,-0.011417,0.005551,-0.022942,0.018368,-0.018078,0.012077,0.021578,0.0062185,0.025569,-0.023014,-0.0067017,0.0096887,-0.060125,-0.10711,-0.14679,-0.12365,-0.067622,-0.056533,-0.026482,-0.041494,0.005146,0.0068047,0.0058934,-0.0058825,-0.010711,0.016782,0.02517,0.010501,-0.0025101,0.0053555,-0.0038284,0.0023389,-0.0075467,0.013478,-0.0028072,0.031318,-0.0073167,-0.0061255,-0.00076454,0.018364,0.00033391,-0.013541,0.0043064,-0.016232,-0.0061022,-0.016298,-0.0066484,-0.0051262,0.021573,-0.0018426,0.016781,-0.0054555,-0.019244,-0.010213,-0.00066207,0.0042866
0.0053684,0.021921,0.0093812,-0.00938,-0.018876,-0.017325,0.004059,-0.010582,-0.012716,-0.0068658,0.0042502,0.0018328,0.0028821,0.00096766,-0.026358,-0.061085,-0.074311,-0.096882,-0.056605,-0.058457,-0.051807,-0.024565,-0.0074494,0.0021105,0.011856,0.0094695,0.027978,0.019099,0.0094084,0.0044873,0.0039331,0.014841,-0.010309,0.0059896,0.0013621,-0.0058167,0.0034778,0.011235,0.0021197,0.0079357,-0.016293,-0.0037213,0.025638,0.012822,-0.0055233,0.010304,-0.0054453,0.021336,-0.0065453,0.010494,0.0081111,0.016189,-0.0078935,-0.0078123,0.0053529,0.0071102,-0.0045806,0.0062475,0.011341
-0.017615,0.013301,0.013941,-0.010855,-0.01195,-0.0036556,-0.0097798,0.033785,0.0048684,0.01376,0.023437,0.0033588,0.0018291,-0.022409,-0.024184,-0.054458,-0.060486,-0.048768,-0.031245,-0.047748,-0.022751,-0.029637,-0.017917,-0.016188,0.018544,-0.0034636,0.0090525,-0.0061694,-0.018128,0.01164,-0.020155,0.0070304,0.02512,0.0025355,0.011549,0.011459,0.020118,0.0068111,0.0051652,0.0072188,0.026477,0.0031854,0.0075452,0.015427,0.0081758,0.009513,0.024533,-0.011815,-0.010963,0.017309,0.0070477,-0.02373,0.011119,-0.016289,-0.0010787,0.015427,0.025465,0.0079505,-0.025976
-0.0090665,-0.001607,0.013558,-0.017248,-0.00099836,-0.00046352,0.010977,0.0032564,-0.0036735,-0.017795,-0.0098236,-0.012599,-0.010479,0.0093109,0.0072612,-0.012734,-0.054339,-0.033352,-0.049798,-0.026512,-0.02625,-0.032048,-0.022472,-0.02291,0.012242,0.017393,0.013366,0.023724,0.0068937,0.0073633,-0.01345,-0.00055772,0.0051721,0.00014079,0.0054578,-0.0063043,-0.0072327,-0.017272,0.018474,0.0074481,-0.0075461,0.016175,0.0017294,0.007376,0.0025798,0.0015117,0.0073616,-0.00023465,0.019966,0.012534,0.0092329,0.0009781,-0.0055005,-2.7172e-05,0.0031186,0.021923,0.011875,-0.0075542,-0.0085706
0.000885,0.0018028,0.0090481,-0.0098448,-0.0051621,-0.015624,-0.0013413,0.0088537,-0.015753,0.011689,-0.00023845,-0.0027494,-0.010657,0.020242,0.0051802,-0.038446,-0.028485,-0.041378,-0.038997,-0.028095,-0.027453,-0.014305,-0.0068535,0.00069358,-0.0047831,0.006093,0.016927,0.0040328,0.019611,0.0065983,-0.0023521,0.012613,0.0056692,0.004005,0.0082167,0.0020056,0.021114,-0.001126,0.0077919,5.5577e-06,-0.0055687,0.0027078,0.0003137,0.032352,-0.00062599,0.015569,-0.002106,-0.0084341,-0.00093147,0.016055,-0.0017211,0.023366,-0.0036781,0.0089152,-0.006172,0.0078083,0.0025433,-0.011574,0.0062301
0.012511,-0.017004,-0.00010049,0.0098144,-0.010615,0.00067943,-0.0046008,0.021028,0.023619,-0.029428,0.0079688,-0.02003,0.012053,0.0049035,0.011328,0.0020315,-0.042066,-0.0075934,-0.023925,-0.017445,-0.024316,-0.020542,0.013883,0.0010194,0.0081548,0.015714,0.0068509,-0.010068,0.022924,-0.013765,0.0077078,-0.0038822,-0.0033097,0.00057225,0.012706,0.0073857,-0.0096474,-0.0092492,0.0072935,0.0077166,-0.012232,0.013403,0.0022516,-0.02306,-0.0021154,0.016269,-0.0020194,0.0092062,0.011961,-0.010221,0.010553,0.0046168,-0.00588,-0.012065,0.0038506,-0.022432,0.0080636,-0.011664,-0.0012488
0.00095283,0.0032106,-0.003063,0.010436,-0.0088392,-0.013691,0.0054818,-0.00036743,0.00085515,0.026179,-0.01118,-0.015137,-0.0095047,-0.0034885,-0.0051105,-0.029885,-0.0039069,-0.022046,-0.022815,-0.02165,-0.022463,0.018771,0.015418,0.0013526,0.0027076,0.0059752,0.0099959,0.03093,0.0039613,0.0039721,0.0050634,0.0024147,0.0064221,-0.0045056,0.0021014,0.0085211,-0.016254,-0.0047306,0.011064,-0.011936,-0.021347,-0.012921,-0.015622,-0.0035511,0.0066464,0.013029,0.0023692,0.018162,0.016663,-0.016281,0.022106,0.00076262,0.0069857,-0.02224,0.0062567,0.00086123,0.0010822,-0.0072401,-0.0014253
0.014969,0.017209,-0.013476,0.0073882,0.019157,-0.017377,0.0007302,0.012438,0.015851,0.021765,0.0018157,-0.022354,-0.0032098,-0.0027954,2.7136e-06,-0.014906,-0.031266,-0.0069907,0.0037288,-0.026776,-0.01455,0.0024734,0.012399,-0.0036237,0.011018,0.018423,0.011194,-0.012284,-0.00078594,0.021143,0.00084624,0.030834,0.0062746,0.0059821,-0.010975,-0.010044,0.011946,-0.0043846,0.0062612,-0.0026106,-0.014052,-0.0036596,-0.011759,0.022825,0.014557,0.026888,0.013306,-0.0088043,0.019028,0.015749,0.0032015,0.016624,0.0090257,0.0068864,-0.0010804,0.004669,-0.00396,-0.0083813,-0.028365
0.0069278,0.0094224,0.011172,0.03106,-0.022453,0.013622,0.0078769,0.008035,-0.00089627,0.021479,0.012925,-0.013934,0.0093202,0.016901,-0.0043589,-0.0064177,0.0089494,0.0038569,0.0080888,0.0055946,0.013005,0.0028273,0.023291,0.0032196,0.023206,0.007389,0.0040703,-0.016358,0.021428,-0.0014002,0.028448,-0.0040711,-0.0042277,0.0070589,0.014029,0.0053748,0.024888,0.01349,-0.0082902,-0.0048745,-0.0076108,-0.010858,0.0062455,-0.00154,0.010554,-0.0069753,0.011715,0.0058518,0.020094,0.00085744,-0.011977,-0.007301,-1.879e-05,0.0051742,0.00040904,-0.022244,0.0089662,0.0022682,-0.0050849
0.0085149,0.0020813,0.0088276,-0.015231,-0.0072602,-0.017937,0.0062957,-0.0089021,0.0034415,0.0022866,0.015084,-0.00096296,0.020619,0.025207,0.00042875,0.0026848,0.0076455,-0.020567,0.010524,0.003698,-0.0035503,-0.0026287,-0.0008706,0.022435,-0.0081887,0.015605,-0.0059203,0.014991,-0.0038684,0.024155,0.014042,0.0058808,-0.02019,0.014734,0.005619,-0.0067035,-0.0029272,-0.010217,0.0022982,-0.014086,-0.013605,0.0046852,0.00038062,0.0024119,0.0019686,0.015883,0.0062228,0.014237,-0.0044391,0.0041434,0.014358,0.0055434,0.010008,-0.0029659,0.0083425,-0.0047536,-0.0034888,-0.0032823,0.0089571
0.0044579,-0.0083434,-0.0090751,0.0026843,0.014095,-0.011175,0.0009446,-0.02323,-0.00069272,-0.0073873,0.022045,0.0095695,0.0027873,-0.00061505,-0.019881,0.020851,0.005753,-0.0071994,-0.0015998,0.01889,0.00041712,-0.00698,0.001026,-0.0037543,0.0019278,0.023796,0.01978,0.0039846,0.00041175,-0.0012463,0.018318,0.0036695,-0.0034731,-0.0036583,0.0010847,0.0066889,-0.00020471,0.014059,0.017431,-0.0093852,0.0031685,0.0057222,0.0016431,0.0021014,-0.0023978,0.019012,0.001127,-0.0073997,0.0018839,0.0055659,0.012274,-0.0023908,-0.0032438,-0.008394,-0.002516,-0.012686,-0.0088597,0.004164,-0.002545
0.0037028,0.0079913,0.005304,-0.0077696,0.0088205,0.006446,-0.0053428,0.011231,-0.0010192,0.0024431,0.014223,0.01382,-0.001887,-0.0079865,0.0084708,0.017861,0.0065285,-0.0044199,-0.014706,0.0043253,0.008433,-0.0057125,-0.00019716,0.008795,0.0066099,0.017584,-0.0062282,0.01356,0.0036756,-0.0073891,-0.0023257,0.0103,-0.0064333,0.0092298,-0.014102,-0.014511,0.012625,-0.0032913,0.0038603,0.0097981,-0.0042268,-0.013202,0.006328,-0.0032426,0.0018542,0.0085282,0.01563,0.0071201,-0.0041811,-0.00085557,0.017635,-0.013501,0.012521,-0.01955,-0.012865,-0.0058204,-0.013769,-0.0027223,-0.0076611
0.0060313,-0.0027445,0.024708,-0.011905,-0.0030352,0.012244,0.020017,-0.0049392,0.022691,-0.0090849,0.0010742,-0.013144,-0.011243,-0.00075621,-0.0074491,0.0017846,-0.0044347,0.012498,-0.0075967,0.0037988,-0.0086864,0.037371,0.00033057,0.017417,-0.015005,0.022949,0.0064251,0.014025,-0.0076315,-0.0087931,0.016341,0.01377,0.0056928,0.0065133,0.0032644,0.0035691,0.0051103,0.014629,0.0089515,0.0086646,0.0062723,-0.0026276,-0.0024343,0.0081326,1.6488e-09,0.0054098,0.020685,-0.0035136,0.01714,-0.0029091,0.0010328,0.01528,0.0082638,-0.0064587,0.017334,0.0099726,-0.0107,-0.0092442,0.011095
-0.0092129,-0.0014904,0.019922,-0.0033058,0.0039006,-0.0060741,0.0061917,-0.0072818,-0.0051266,0.012124,-0.019042,0.012439,-0.0058814,0.015644,-0.0099481,0.0064013,-0.0036642,0.021148,-0.0094957,-0.014935,-0.018685,-0.019888,0.016317,0.016216,0.014948,-0.025153,0.016676,0.0091108,0.0074974,0.012287,-0.0043231,-0.0041374,-0.022955,0.019029,0.013864,0.0018902,0.00013053,0.0094948,-0.00078224,-0.010951,-0.0055239,0.0033108,0.0074183,0.00082899,0.0093158,0.00032582,0.0018767,-0.002074,-0.00067946,0.019866,-0.009015,-0.0014305,0.010609,0.0011843,-0.021594,0.0020237,-0.0031021,0.0089981,0.0013406
-0.0013909,-0.0045564,-0.0019945,-0.016636,0.011681,-0.0026851,0.0082838,0.0037251,-0.0079428,-0.013257,0.0063689,-0.021082,0.008286,0.015516,-0.0076168,-0.0084668,0.030348,0.00017033,0.014267,-0.00021853,0.0037031,0.0090121,0.0063718,0.0022407,0.02305,-0.0032762,0.015078,0.019627,-0.0045613,0.010805,0.0026937,-0.012425,-0.0070603,0.015076,-0.0081275,0.0058844,-0.0026691,0.012335,-0.0010623,0.0046844,-0.02183,0.0032905,-0.026883,-5.5168e-06,0.012879,-0.0097317,0.0051268,-0.0099992,-0.006998,0.0059073,-0.032667,-0.0057867,-0.0053533,-0.00039006,-0.025102,0.0053921,0.0071441,-0.0075094,-0.0061655
0.005284,-0.0049229,-0.014349,0.0070228,0.011928,0.025934,-0.0050242,-0.0074753,-0.00053229,-0.003708,0.028374,-0.007232,-0.012981,0.032696,-0.011007,0.015539,0.0067465,-0.0052627,-0.012361,0.0055368,0.01376,-0.0072626,0.00047636,0.030553,-0.0062183,0.024886,-0.0031708,0.012124,0.031166,0.0041071,0.015132,0.018742,0.0019972,0.015309,0.0082175,0.012106,0.01179,-0.0083758,-0.02585,-0.025104,-0.0088142,-0.016557,-0.0042568,0.0046949,-0.001593,0.010935,0.012428,-0.0083962,-0.014657,0.019884,0.0014362,-0.0090749,-0.022314,-0.0068332,-0.0084352,-0.0046665,-0.007212,0.00038997,0.0080571
0.017155,-0.0054776,0.0074577,0.014606,-0.0098165,0.018467,-0.018943,0.022193,-0.0017555,0.0089224,-0.012497,-0.013738,0.0023776,0.024241,-0.0012698,-0.0075112,0.0050287,0.02,0.01758,-0.00042206,0.022532,-0.0097211,0.014992,0.019335,0.0089779,0.025044,0.0028555,-0.0061913,0.00010018,0.0032605,0.0085265,0.0081525,-0.010708,0.0027496,0.01181,0.002712,0.010337,-0.012961,-0.010729,0.001908,-0.016756,-0.011881,0.016164,-0.0033033,0.012704,-0.00019592,-0.011296,0.0052336,-0.018323,0.0079714,-0.015143,-0.0036291,-0.013253,-0.022437,-0.013646,-0.018911,-0.0014902,0.0020219,0.014817
0.00588,-0.0034579,0.030267,0.011806,0.00067096,0.022464,-0.0041563,0.01751,-0.0006757,-0.0051204,0.017745,-0.02226,0.010557,0.005988,0.018806,-0.0016801,-0.0091131,-0.012865,-0.0011666,0.0065183,0.013681,0.0065381,0.011488,0.0033915,0.0061066,0.009224,-0.00020127,0.020636,0.010514,-0.010308,-0.005196,0.00067408,0.023358,-0.0084099,0.020679,0.019824,0.027815,-0.0010993,-0.0098263,-0.013233,-0.0026764,0.018911,0.016069,0.0058369,0.02131,0.019118,0.0043581,0.030104,-0.0046149,0.0035596,0.024359,0.0009393,0.011076,-0.00042437,-0.027326,-0.0089048,-0.026605,0.018733,-0.014334
0.0070492,-0.014094,0.010143,0.0090106,-0.0097536,0.0068266,0.011832,-0.00013883,-0.0091519,-0.0017259,0.0016679,-0.010292,-0.015467,0.013443,-0.0062233,0.0034281,0.026207,0.023237,0.027953,0.0087668,-0.00018028,-0.0079794,0.00024211,0.027661,0.013383,-0.0124,-0.0054638,0.017826,0.00090443,0.0029981,0.005684,0.0025314,0.0064932,0.016765,-0.0034901,0.018369,0.0040609,0.00049991,-0.014539,-0.023442,-0.0085568,-0.014492,-0.0051776,0.015955,-0.0057039,0.0018996,0.0051637,0.0034834,-0.017213,0.0023398,0.010828,-0.0052039,0.0030472,0.014614,-0.012563,-0.02219,0.0031184,-0.0079489,-0.0051089
-0.015142,-0.013691,0.012508,0.0062221,-0.010522,-0.012792,0.028866,8.6146e-05,0.0054282,0.031992,-0.017818,0.01444,-0.0040818,0.0058362,0.0025203,-0.0057544,0.0068419,0.016752,0.031955,0.0044619,-0.0037018,-0.0030031,0.037425,0.014228,-0.020173,-0.011966,-0.0031639,-0.0030453,0.024781,0.012367,0.00049533,0.0070967,0.0027384,0.0058676,0.0034334,-0.0095283,0.0061657,0.0029324,0.010694,-0.034394,-0.014226,-0.029352,0.017558,0.037695,-0.01338,-0.00060917,0.0031653,-0.0064077,-0.023049,0.002079,-0.0062447,-0.0029243,0.0026481,-0.001622,0.0059852,0.00060612,-0.033755,-0.0049153,-0.0075174
