0.013059,-0.0040006,0.0074319,0.0017922,0.010467,0.0027218,0.0081788,-0.01074,0.009539,-0.0015945,0.01168,-0.010053,-0.010837,0.00050259,-0.0018685,0.0091463,-0.0063121,0.0097642,0.012886,0.03398,0.0059094,0.029628,0.00035078,-0.018442,0.0016824,0.011044,-0.00029482,-0.0076507,0.004648,0.0025538,-0.0054384,0.0061653,-0.00077078,-0.0046392,-0.006319,-0.0081261,0.008274,-0.0053053,0.021243,0.0062042,-0.0029343,-0.002826,0.0033665,-0.031291,0.01117,0.001704,-0.0027054,0.010225,-0.013019,-0.010193,-0.0060328,0.0015869,-0.011541,0.0055913,-0.0098209,-0.00050382,0.012879,-0.0019471,0.0064441
0.0021539,-0.00035811,0.012845,-0.0062481,0.014949,0.00012389,0.005663,0.011062,-0.028468,0.0099872,-0.0064991,0.0017793,0.014166,0.016225,-0.0034782,0.011113,-0.018081,0.0057821,-0.02747,-0.0050637,-0.0038714,-0.0027806,0.01241,-0.00385,-0.012534,0.030331,-0.0085041,0.011944,-0.0014501,-0.020494,0.0062532,0.0050714,0.0091567,-0.0057239,0.0024604,0.0015983,0.00247,0.0084847,-0.0086732,-0.011754,-0.019291,0.026884,0.0067041,0.0032454,0.0068556,-0.011477,0.0022322,-0.027891,-0.0039233,-0.0035736,0.0026074,0.020759,0.0088669,-0.019792,0.010446,-0.010845,0.012629,-0.0060035,-0.020569
0.00028919,0.0011966,0.0059671,-0.012217,0.002832,-0.0065459,-0.015297,-0.0067843,0.0154,0.0058782,0.01037,-0.0118,-0.011146,-0.0096038,-0.0019034,0.019058,-0.0067447,0.0099136,0.003323,0.00054097,-0.0091919,0.0032745,0.003186,0.011793,0.0088021,0.0042916,0.00051534,-0.023621,-0.011069,0.0035391,0.014615,0.0075249,-0.0035359,-0.005958,0.008651,0.0096908,-0.0023705,-0.0040768,-0.0079106,-0.0097719,0.022333,-0.0066763,0.0059781,-0.02216,0.0050221,0.010182,0.0063615,-0.0085508,0.015905,-0.0026197,0.0037473,0.0063263,-0.00403,0.024297,-0.01083,0.016653,0.015318,0.011679,0.002271
0.0062459,0.0032888,0.014861,0.011853,0.015133,0.0061496,0.003552,-0.00099342,0.0054301,0.0047945,0.0062921,0.011326,-0.014385,-0.02371,0.022428,0.014727,0.0087505,-0.0036046,0.010044,0.0026644,-0.0031339,-0.013424,0.0065814,0.026997,-0.017271,-0.016401,0.010955,0.0039184,-0.016368,0.012487,-0.0019054,-0.023175,-0.00058088,0.0093848,-0.0020697,-0.01179,3.4491e-05,0.016211,0.015433,0.029365,-0.012668,0.0060394,0.0082206,0.015961,0.001045,0.017087,0.012278,0.0042844,0.0040816,-0.0027072,-0.026575,0.02502,-0.0088804,-0.009822,-0.0033688,0.0066179,-0.0012707,-0.00048974,-0.011399
-0.019379,0.0028994,0.00017493,-0.0033932,0.0026543,-0.0034249,-0.0018156,0.02476,0.019722,-0.005448,0.022054,0.0091353,0.010018,0.0077024,-0.01213,-0.0026377,0.0021537,0.013887,0.002766,0.011757,0.013636,-0.0068995,0.011384,0.010948,0.0035918,0.0056704,-0.0163,-0.0097649,-0.0086935,-0.012914,0.0092513,-0.0012648,-0.014933,-0.009963,-0.002596,0.017748,-0.00093992,-0.0012362,-0.012937,0.0018554,-0.00053698,0.018464,-0.0091392,0.014485,0.0016601,-0.025217,0.029194,-0.0041896,0.0059411,0.01264,-0.019595,-0.0034022,-0.0058544,-0.024286,0.0023985,0.0078356,0.0070956,0.011185,-6.6771e-05
0.0017486,-0.0080807,0.0040045,0.01435,-0.0022601,0.0010029,0.0099493,-0.0057662,0.0038371,0.0069352,0.014591,0.020633,0.0091726,-0.017956,-0.019092,0.011349,0.0099034,0.0034799,0.01237,0.0082066,-0.018553,0.005204,0.0096026,-0.016056,-3.5393e-05,0.0028119,-0.014246,0.0046078,0.0040198,-0.0047948,0.022698,-0.0098015,-0.0028677,-0.011335,-0.01364,0.0059941,-0.0079714,0.012566,0.0039111,0.0028982,-0.016704,-0.0081271,-0.004038,0.036042,0.001442,0.015619,0.011871,-0.0074266,-0.001078,0.021741,0.0043122,0.010991,-0.0079808,0.025099,0.0038731,-0.011072,0.0021158,0.0015263,-0.00497
-0.003752,-0.0075218,-0.004749,0.010682,0.011654,-0.0048857,-0.0006315,-0.0014189,-0.0096385,0.0074729,0.0027658,0.0012145,0.018854,-0.013351,0.0039586,0.014532,0.010153,0.0091461,0.034783,-0.0045002,0.0099437,0.003693,0.01483,0.0085168,-0.00015923,0.013742,0.018999,-0.015037,0.011524,-0.00016044,-0.024052,0.031613,0.018787,-0.011671,-0.028438,0.01575,-0.016921,-0.014452,-0.00076425,0.012788,-0.0091854,-0.0030659,0.00061665,-0.0013984,-0.028862,-0.0063949,-0.00683,0.00066296,-0.0043912,-0.0032335,-0.00084595,-0.009717,-0.0033401,0.0080244,0.020607,-0.015348,-0.0065099,-0.02185,0.020639
-0.0029795,-0.0121,0.014996,0.016022,0.00035585,-0.0090667,-0.0060016,-0.0061317,-0.0016323,-0.0021339,-0.0054098,0.0059648,-0.0065841,0.010072,0.0058289,0.014456,-0.0079479,0.0076322,-0.022598,0.015936,-0.0012271,0.0026336,-0.0035909,-0.017273,0.020916,0.0067089,0.022013,-3.0786e-05,-0.01064,-0.0031168,-0.0023945,-0.0038097,0.023677,0.011539,0.0013016,-0.0080284,-0.0035048,-0.00050005,-0.0033959,0.0036802,0.0062812,-0.00054626,-0.0066886,0.0033698,-0.0059415,-0.0027313,-0.00049001,-0.0051403,0.025484,0.0074062,0.017037,-0.014119,-0.015816,0.0018563,0.011525,-0.019571,-0.018214,-0.0072469,-0.0028707
-0.00050893,-0.010197,-0.015022,0.0038654,0.0039495,-0.0016664,0.00045947,0.0061844,-0.0089274,0.0086968,0.016394,-0.0034256,-0.012217,0.0089545,0.011238,-0.013417,-0.0011264,0.0044682,-0.015419,-0.010377,0.0042589,-0.0044214,-0.019921,-0.013187,-0.0029766,-0.027933,-0.016997,0.011376,-0.011458,-0.0091136,-0.011213,-0.017455,-0.018552,-0.0050288,-0.0082837,-0.016673,0.0089257,0.031561,0.0054698,-0.0031461,0.0024879,-0.0080016,-0.0056058,0.014076,0.010187,0.020718,0.0069042,0.0028669,0.0016037,-0.028198,-0.010285,0.0009552,0.0051676,0.01211,0.013097,0.012295,0.0091504,0.012868,0.003732
0.016411,0.0024923,-0.0028542,-0.00051709,-0.0022347,0.0067103,-0.0037066,0.0053986,0.0046604,-0.0072002,-0.0037813,0.0039715,0.012054,0.020823,0.0077865,0.0073465,-0.025676,-0.0072517,0.0080484,-0.0056389,-0.0062199,0.0071772,0.025493,0.0014665,-0.0007129,-0.0097616,0.011717,0.0017429,-0.020905,0.010341,0.00069999,-0.014975,0.023112,0.0041303,-0.009139,-0.0051513,0.0051949,-0.0025275,-0.0030698,-0.0026173,-0.0064829,0.0064396,0.0052493,0.0022424,-0.0079969,0.015821,-0.0051598,0.022689,-0.010649,0.0073901,0.0059501,-0.0033052,-0.0019031,0.010006,0.012637,0.0086808,-0.0069781,0.0064601,-0.0055024
0.0086707,0.0045208,0.016086,-0.0041062,0.0070456,-0.00029199,0.010162,0.018465,-0.0039668,-0.021618,-0.00089456,0.023157,0.0053602,0.0043666,0.0063154,0.0026019,-0.0046686,0.0064044,-0.0046994,-0.015816,-0.009446,-0.0084724,-0.0079373,0.00081022,0.0074212,0.0030239,-0.011535,0.0080886,0.024405,-0.0018525,0.006399,0.011088,0.0010426,-0.0092491,-0.0032208,-1.039e-05,0.005912,-0.0033427,0.0059679,-0.013347,-0.0050728,-0.0020114,0.023627,0.0043151,0.0066991,0.0038268,-0.010148,-0.0075609,-0.0023648,0.0039043,-0.0020122,0.0049315,-0.026851,-0.039007,-0.00057492,0.00052515,-0.0022283,-0.011437,0.0033984
-0.0046315,-0.0014062,0.0052125,-0.0093282,-0.0022974,0.016676,0.00143,-0.013222,0.0034166,0.011493,0.0039382,-0.015261,-0.0034119,0.016287,0.0029468,0.0035249,-0.0061399,0.0043152,-0.015594,-0.020349,0.019796,-0.029085,0.0096149,0.012739,0.0058264,0.003955,-0.012217,-0.019017,-0.011468,0.00077729,-0.012477,0.018279,0.00079597,0.011626,0.015174,0.012934,-0.00078034,-0.0027132,-0.001382,0.0050666,0.0020976,0.035133,0.0057104,0.0012259,0.011519,-5.2137e-05,-0.004612,0.0054178,0.020901,-0.0033516,0.00064335,-0.0066919,-0.014115,-0.0023247,0.013322,0.0098576,-0.0095872,-0.012359,0.0063919
-0.0039634,-0.011468,0.00098203,0.00093476,0.0067775,-0.0017509,-0.0064855,0.012334,0.0048469,-0.00073586,-2.6632e-05,-0.011528,0.023107,-0.00052902,-0.010268,-0.0038614,-0.018771,-0.023709,-0.0096648,-0.0082278,0.0093791,0.0018809,0.00053196,-0.0031244,-0.0087819,-0.0079677,4.5263e-05,-0.0025565,0.0075085,0.0055263,-0.0017274,-0.021408,-0.0020087,0.0013375,-0.0023964,0.00384,0.016723,-0.0042965,-0.01118,0.0020607,-0.017936,-0.00064602,0.0079414,0.012497,0.0092804,0.019241,0.01321,-0.0064935,0.012434,0.032743,-0.00083368,-0.014077,-0.00092619,-0.0027536,-0.011973,0.018063,-0.010582,-0.016585,-0.011933
-0.00025995,0.00043626,-0.0013709,0.0018337,0.0058734,-0.0072038,0.023818,-0.0015875,-0.0097585,-0.020609,-0.014705,0.018261,0.0068288,0.0029316,0.0049613,-0.01067,0.011075,0.0089695,-0.013691,0.012097,0.00057696,0.027933,-0.0085262,-0.0061256,-0.015787,-2.155e-05,-0.011134,0.028465,0.013633,-0.0034529,-0.010199,-0.010783,0.0086835,-0.0038287,-0.020875,0.0042943,-0.036571,0.017041,-0.00011014,-0.0010808,-0.0061813,0.0054335,-0.00062479,0.027793,0.00079509,0.016065,-0.020604,0.010857,0.013566,0.0052924,0.0011375,-0.00025175,0.014885,-0.0089354,0.0019542,-0.01488,0.00075641,0.0015743,-0.011124
-0.011939,-0.0095866,0.0040247,0.0020285,0.0027902,-0.0091024,0.012447,0.0014777,0.031072,-0.010256,-0.0077039,-0.0067502,0.0015776,-0.018225,-5.2707e-06,-0.0051598,0.020369,9.4142e-05,-0.0006718,-0.0076673,-0.0036464,0.012961,-0.02023,-0.002993,-0.012914,0.0058,-0.0038973,0.0020784,-0.0070941,0.03022,0.0030767,0.0081212,0.033504,-0.0015888,-0.010499,0.0083285,-0.014159,0.02669,0.0051721,-0.0031102,-0.012284,0.026041,0.0086748,0.0070423,0.011556,0.027302,-0.010023,0.011544,-0.0012414,0.0063411,-0.0008975,-0.016381,-0.0057116,0.0002087,-0.0042336,-0.0043371,-0.010558,-0.01132,0.0032058
0.010682,-0.001544,0.0072773,-0.003363,0.0097942,-0.0063312,-0.010348,0.0024264,-0.0059626,0.02993,0.019438,0.022102,-0.021523,-0.018627,-0.01565,-0.0099364,0.008727,0.017572,0.00036813,-0.004031,-0.0049681,0.0099873,-0.00032612,-0.022371,0.00013294,-0.006811,0.0040432,0.00073872,0.017777,0.017112,-0.004232,-0.014784,-0.0012644,0.00018295,-0.0034682,-0.0056516,-0.01225,-0.0079599,-0.010488,-0.015932,0.0091451,0.005138,0.0077991,0.023435,-0.00087159,0.029879,0.0088721,0.020548,0.013419,0.019471,-0.027546,0.0029336,-0.0059368,0.025713,-0.010309,-0.013776,0.00016897,-0.014301,-0.013494
-0.010017,-0.0028907,-0.015116,-0.0077484,0.0014528,-0.00059574,0.022011,-0.0073827,0.00023987,0.016237,-0.016774,0.0017166,-0.0061591,-0.010177,0.0063105,-0.001187,-0.0084824,-0.0049315,0.0014544,0.00014099,0.0030086,-0.010535,-0.026399,-0.025274,0.015571,0.0076023,0.0038027,-0.0070968,0.019072,0.0018018,0.012194,-0.0029744,-0.01483,-0.01557,-0.00041285,0.012355,0.0059674,-0.0066237,0.0030704,0.021379,-0.0018487,0.0073219,0.016308,0.014143,0.032179,0.0036679,0.0056496,-0.00069316,0.0034832,-0.013848,-0.024718,0.0047551,-0.0030795,-0.0088285,0.015435,-4.9359e-05,-0.014377,-0.011283,-0.014715
-0.0020731,0.0031007,0.0055325,-0.0097987,0.005788,0.0073167,0.0060727,0.0098552,-0.0031702,0.016075,0.0092397,-0.012017,0.010834,0.0023491,-0.0016999,0.003716,0.009064,-0.0086357,0.026105,0.0253,-0.013096,-0.022087,-0.0065308,0.014473,-4.1768e-05,0.020032,0.00018395,0.014884,-0.018403,0.00067783,-0.010292,0.0040758,-0.0022914,-0.014498,0.0090729,0.0013711,0.010948,-0.0048933,-0.0091097,-0.015579,-0.010717,0.026918,-0.006374,0.0096591,0.014283,0.0032952,0.0018642,-0.00259,-0.0093987,0.016067,0.0053089,0.0043972,-0.016508,-0.0071749,0.022534,-0.0016075,-0.0046618,-0.0038035,0.017803
-0.0034197,0.0042001,0.004005,-0.0060283,0.0064707,-0.010421,0.0001217,0.0063982,-0.017058,-0.0047138,0.019482,0.021025,-0.015512,0.010209,0.0086729,0.021795,0.010874,0.017102,0.013631,0.0067829,0.0026724,-0.0084778,-0.0061408,0.014482,0.0021191,-0.011056,-0.01009,0.005918,-0.0083411,0.0017299,-0.0065901,-0.017542,0.010739,-0.009544,-0.032396,-0.0060191,0.000325,0.007616,0.011288,-0.0042805,0.018261,0.0012655,0.018256,-0.0059891,-0.021547,0.030643,0.0058389,0.0019515,-0.013861,0.016872,-0.0021654,-0.0017268,0.019168,-0.0026896,-0.00036549,-0.01602,-0.016006,0.0058639,0.0024397
0.016403,0.016393,0.0035775,0.0179,-0.0043941,0.0012106,-0.010831,-0.013036,-0.0053114,-0.00044961,-0.007795,0.013937,-0.013068,0.0084359,0.0060111,0.0042088,0.0099779,-0.0051791,-0.0088723,0.0074102,0.0077408,-0.0039189,0.0089114,-0.027985,-0.0031326,0.00067478,0.0020497,-0.0017966,0.0031173,0.010531,0.014831,0.011973,-0.0052144,0.015507,0.0021658,-0.014808,0.0037774,0.021471,-0.0060451,0.002118,-0.0033406,-0.0025193,0.014036,0.019237,0.018841,0.0067041,-0.0012052,0.026832,0.019722,0.001627,0.0060294,-0.0061848,-0.030767,-0.0016801,0.0060552,-0.0041439,-0.0055031,-0.015129,0.00010763
-0.0028727,0.018766,-0.0038472,-0.0093973,-0.0046242,0.0014865,-0.013521,-0.00016593,-0.024518,0.005771,0.0029094,-0.0025735,0.0016878,-0.0041085,-0.028608,-0.0011632,-0.0030445,-0.025503,-0.018732,0.0069631,0.0010686,-0.017404,0.00077375,0.0061098,0.010209,-0.023479,-0.0031196,-0.00061208,0.0029349,0.023835,0.014173,-0.018878,0.0026161,0.0065989,0.0042297,0.0094663,0.001083,0.0048575,0.0020726,-0.00069544,0.016009,0.011761,0.0028519,0.025091,-0.0025138,0.0064127,0.0095914,-0.0048143,-0.0058912,0.0033262,0.012093,-0.006224,0.0037922,0.019539,-0.0036937,-0.0077109,-0.00089242,0.0059113,0.021598
0.0045425,-0.001498,-0.005913,-0.010599,0.011217,-0.012165,-0.015631,-0.00015335,0.0086744,0.0060957,-0.01064,0.012219,-0.00086822,0.019182,0.0086482,-0.0050388,-0.0050117,-0.014507,-0.024212,0.013931,-0.019596,0.013631,-0.017697,0.0016598,-0.0071418,0.0087559,0.0062327,0.0084421,0.0066042,0.011132,-0.021937,-0.013327,0.0072506,0.0010564,0.0055723,0.025349,0.0095074,-0.0096768,-0.0015025,-0.031363,-0.0070904,-6.6926e-05,0.0041106,0.017085,-0.01707,0.016528,0.0032671,0.0025717,-0.0042097,0.010728,-0.0016291,-0.0082567,0.013755,0.0087078,0.024757,-0.0018167,0.0094064,-0.0096236,0.014186
-0.0012391,0.001653,-0.0053547,0.0075799,0.016374,-0.019688,-0.0049413,-0.00059356,0.011978,-0.017827,-0.011838,0.0032077,-0.0022686,-0.005867,0.014852,-0.0011908,0.011087,-0.014135,-0.018053,-0.012032,0.0013291,0.0046923,-0.0032131,-0.017982,-0.010388,0.011129,-0.0095416,-0.0028138,-0.0053333,-0.0056463,0.0098202,-0.019473,0.0061122,-0.0075811,-0.0047082,0.021667,0.022715,-0.0003539,-0.006318,0.0072309,0.012458,-0.012111,0.021982,-0.013705,0.0084593,0.00025692,0.0088075,-0.0060108,0.0084655,-0.0085836,-0.0077283,-0.0014181,-0.002789,0.02266,-0.004456,0.0041987,-0.010966,-0.00052128,0.0087354
0.014139,0.012422,0.0025738,0.001354,0.00086594,0.017269,-0.012859,-0.013368,0.010194,0.0053515,-0.0039125,0.010016,-0.0074102,-0.017185,0.0024466,-0.0015135,0.016301,-0.017906,-0.018298,0.025734,-0.012453,-0.0028481,-0.028442,-0.00020095,0.011584,-0.0053506,-0.0048575,0.0088973,-0.006295,0.011755,0.0043704,-0.021078,-0.0073299,0.015723,0.0043606,0.0076367,-0.010314,-0.0040419,-0.013469,0.011111,0.014178,-0.0012815,-0.0068696,0.00036086,0.027014,-0.014017,0.00076874,0.0018501,0.0212,0.0032943,-0.020228,-0.00080805,-0.015975,0.017099,-0.0076288,-0.00734,-0.0074016,-0.0035553,0.0099694
0.012525,-0.0044052,0.0071018,0.0022292,-0.0043407,-0.0078263,-0.012358,0.001005,0.0083707,-0.0050445,0.016386,-0.0056423,0.0080575,-0.01006,0.013923,0.008801,0.0044567,-0.0036525,-0.0032194,0.00074279,-0.010127,-0.012502,-0.0030028,-0.0024491,-0.011546,0.0077792,-0.009195,-0.002777,-0.02181,-0.0069874,0.015779,0.00026944,-0.012097,0.005665,-0.0059638,-0.0077993,0.0017891,-0.0021482,0.0022107,0.0037848,-0.002715,0.0042524,0.018683,-0.012503,0.032685,-0.019737,0.012808,0.011072,0.010181,-0.0045595,-0.013296,0.014262,-0.010069,0.017773,0.0069038,0.0044471,-0.0045604,0.010123,0.0031889
-0.01889,-0.005465,-0.010892,-0.0036164,-0.012144,-0.0047449,0.0030643,0.0039206,0.0049912,-0.033846,-0.0018683,-0.0046803,0.017319,-0.010087,0.00028296,0.0096551,0.0036287,-0.012097,-0.012903,0.0062754,-0.0045874,-0.014597,0.0094464,-0.005525,-0.0059247,0.0017665,-0.00082651,-0.0066302,-0.00031191,-0.0069028,0.012367,-0.0011469,-0.0063721,0.014922,0.0043154,-0.018366,-0.031368,0.0107,0.018671,-0.012862,-0.0086794,-0.015025,0.0075534,0.024109,-0.011603,-0.01856,-0.012324,-0.0065087,0.0084283,-0.002213,0.005395,-0.02149,0.017195,0.012839,0.015546,-0.0044236,-0.019937,0.0028442,-0.0023274
-0.015356,-0.015838,0.00027781,-0.027073,-0.015382,-0.012994,0.0013768,-0.017748,-0.0018401,0.023556,0.01818,0.0058186,-0.0044941,0.0097517,-0.0042734,-0.0035312,0.011585,0.012721,0.0067686,0.021049,-0.015089,-0.0068903,-0.014333,0.017287,0.016255,-0.0034501,0.010411,0.0030102,-0.015505,0.011284,0.0013359,0.029599,0.020346,0.011691,-0.0040494,0.022827,0.0044094,0.0080498,-0.020347,0.012139,0.018489,0.0065481,-0.00052199,-0.0020108,0.0023294,0.020649,0.00040315,0.013426,0.024149,0.0038515,0.0033885,-0.0018401,0.013317,0.0048959,-0.0048489,-0.0034637,-0.0028851,0.0090488,0.0020878
0.0043473,-0.0042789,-0.014419,0.0059496,-0.019887,-0.015461,0.0059794,-0.0073614,0.0044064,-0.014233,0.031021,0.013437,0.0072236,-0.00029465,0.0061111,-0.011429,0.0062641,-0.013327,-0.0091326,-0.0055517,-0.001515,-0.014874,-0.0081384,-0.002179,0.0025099,0.0031997,-0.0056726,0.017841,-0.0045962,-0.0076754,-0.018721,0.00088422,0.0017118,0.0013629,-0.0037794,0.010839,-0.0071501,-0.021664,-0.0017515,-0.016939,-0.013066,0.0039267,0.0034751,0.0024624,-0.0084385,-0.0068643,0.00075205,0.0035651,0.012557,0.0071165,0.008706,0.024643,-0.0039289,0.0034486,-0.015516,0.012676,-0.0042374,-0.0054436,-0.015686
0.0028155,0.021521,0.0044678,-0.010589,-0.0075464,-0.0085197,-0.01114,0.014996,0.015866,0.010119,-0.012291,-0.0049438,0.0050107,-0.014885,-0.014456,-0.012437,-0.0024739,0.0034077,-0.0087058,0.011882,0.025831,-0.012425,0.0094946,-0.010786,-0.0012356,-0.018004,-0.02433,-0.00042475,0.0053103,0.010549,0.013997,0.021802,0.0047142,-0.0025812,0.0086919,-0.010763,0.0014707,-0.012053,-0.00021729,-0.015463,0.0032581,0.0081523,-0.019892,-0.015709,-0.019763,-0.0034233,0.004961,0.0048738,0.024596,0.0070889,0.012013,0.010217,-0.01143,-0.0081551,-0.008814,0.010517,-0.023618,-0.010278,-0.0097569
0.011247,0.020524,0.0051929,-0.0094655,0.0039394,-0.0091929,0.0027642,0.021072,0.0089994,-0.0017637,-0.037643,-0.012884,-0.0040508,0.0029498,-0.011934,0.0051778,0.010961,0.010362,-0.0052935,-0.019996,-0.022,0.0058612,0.00011573,0.002514,0.0017365,-0.01453,0.0055218,0.0024854,-0.013825,0.012005,0.008991,0.015589,0.00058888,-0.024818,-0.011305,0.030904,0.00061516,-0.0010808,0.010243,0.0050747,0.0056362,0.010689,-0.0040385,0.017831,0.01958,-0.0040697,0.014458,0.0093446,0.028137,-0.0014411,0.001205,0.0060055,-0.0035047,-0.012893,0.0047352,0.026448,-0.011858,-0.01101,-0.013084
0.0042299,-0.01868,0.0041529,-0.014197,-0.015363,0.002765,0.0020391,0.033214,0.014774,-0.0069985,-0.029749,-0.016354,0.0095202,-0.031582,-0.006504,-0.0038016,-0.016986,-0.020907,0.011218,-0.0079983,0.011076,-0.0040772,0.0052842,0.00084665,0.0024485,7.068e-05,-0.0040421,0.018106,-0.021569,-0.015134,0.0099149,-0.015761,0.006141,-0.014807,-0.0048217,0.015213,0.012188,0.0082319,0.00073774,0.0085847,0.015014,-0.012172,0.011311,0.01127,-0.01108,0.0054245,-0.0078236,0.0023687,0.0042531,0.010268,-0.027848,-0.01048,-0.0088456,-0.0035361,0.030729,0.025332,0.00093578,-0.019701,-0.015218
0.0044425,0.0099421,-0.017391,-0.001014,5.2992e-06,0.03447,0.0095352,-0.00040488,0.012744,-0.0060187,0.0013641,-0.0059427,0.0011993,-0.0075673,0.0091908,-0.023108,0.02923,0.015799,-0.0003964,-0.0032302,-0.028034,0.0050763,-0.0087802,-0.010809,0.00012388,0.00099065,0.0085222,0.0085369,-0.00071142,-0.015482,0.00486,-0.0068386,-0.01175,-0.0087669,-0.016572,-0.0019111,0.017618,0.016168,-0.0060965,0.022829,-0.0018877,-0.0078459,0.01334,0.013262,0.010389,0.0096281,1.8688e-05,0.020264,0.0018038,0.0098618,0.0025379,-0.00038017,-0.0097573,0.0080744,-0.016682,-0.013934,-0.031158,-0.0078446,-0.0041705
0.0089436,-0.00041744,0.0018395,-0.0016344,0.019336,0.0041417,0.0022362,-0.00063761,-0.0075025,-0.011742,-0.014328,-0.0073266,0.0015761,-0.018959,-0.020898,-0.021117,0.01403,0.00032086,0.0007256,0.023745,-0.011418,-0.009978,-0.015892,0.020959,0.0067104,-0.019571,0.0089327,0.012945,0.0019624,0.0052784,0.0050412,0.0026564,0.0066494,0.014957,-0.015602,0.016819,0.011373,0.015302,0.005737,-0.00045358,-0.0011611,0.0040775,-0.0028163,0.0022395,-0.0026297,0.011221,-0.026246,-0.0073985,0.0083173,0.012112,-0.0098353,-0.0026575,0.00089511,0.023042,-0.0047241,-0.0096071,-0.0071029,-0.0094643,-0.0010193
-0.017663,-0.026645,-0.0034724,-0.0011958,-0.0075056,0.0019134,0.0078957,-0.0029764,-0.0045262,-0.011124,0.0013512,-0.0048315,-0.0088149,0.0069648,0.010035,-0.019158,0.0018356,0.0096814,-0.013248,-0.003425,0.0077316,-0.0030606,-0.0031788,0.014626,0.0022182,-0.0036823,-0.021503,0.01019,-0.0066064,-0.0026664,-0.0044328,-0.010725,0.0067231,-0.0033747,0.0034777,-0.035356,-0.035091,0.018808,-0.019218,-0.025383,-0.013115,0.036688,-0.017691,0.0056416,-0.012647,-2.1385e-05,-0.01097,-0.0065518,0.0046054,-0.0095611,0.0016081,0.0033199,0.016559,-0.00091807,-0.0079989,0.0097148,-0.0065246,-0.011644,0.01047
-1.9676e-05,-0.013312,0.015279,-0.029204,-0.00096318,0.0051704,-0.015887,0.012828,0.0038016,0.009803,0.0079675,-0.014734,-0.001605,0.010241,0.015195,0.019119,0.0086395,-0.0076894,0.00034212,-0.0051602,-0.010584,-0.004922,0.0011873,0.0045486,0.0041412,0.017252,-0.018294,-0.018106,-0.0072609,-0.01101,-0.0055943,-0.0014378,0.0047129,0.0079011,0.013501,-0.013081,-0.012372,-0.0010244,0.0112,0.0045297,0.015996,0.0073228,-0.0042079,0.00071901,0.0043704,-8.1338e-05,-0.0077789,-0.0033838,-0.012197,0.0047109,0.0086408,-0.0099403,-0.016871,0.0065661,-0.0060135,-0.010517,-0.0078989,0.016513,0.00017392
-0.01469,0.01937,-0.00054361,0.0064049,-0.018834,-0.03294,0.002515,0.0069448,-0.0036633,0.0069006,0.025314,0.0040313,0.022916,-0.01293,-0.00095375,-0.0020848,-0.010599,0.012549,-0.023246,-0.0015589,-0.0047415,0.0057371,-0.0092078,0.016344,0.015216,0.0093498,-0.00023564,-0.0047,-0.025238,-0.0099932,0.0033038,-0.0021159,-0.00019153,0.02986,-0.025971,-0.0051096,-0.016044,0.01053,0.020314,0.0062742,0.0053598,-0.0026301,-0.010429,0.017949,-0.0066666,-0.0064032,0.004325,-0.014983,0.011876,-0.015595,-0.016298,0.027191,0.014129,-0.0066568,-0.014007,-0.00038192,0.00072886,-0.011003,-0.020865
-0.012026,-0.010536,-0.0080059,0.0017421,-0.012119,-0.016597,0.016628,0.01981,0.0073195,0.0090919,0.010774,0.00093337,0.004251,-0.0045784,0.0047145,-0.0019471,-0.011771,-0.0040975,0.0082324,0.0021241,0.018287,-0.015662,-0.0066871,0.00085911,-0.00012633,-0.018072,-0.023229,0.027486,-0.0078224,-0.031842,-0.00049231,0.010072,0.0035422,-0.01253,0.0035378,0.02486,-0.0092199,0.0063392,0.0018297,0.0067688,0.0098245,-0.013185,-0.014083,0.0090293,-0.0056182,0.015622,0.01011,-0.020619,0.017541,0.0001472,-0.01889,-0.0054438,-0.0025085,0.00267,0.0083888,0.0075522,0.0034444,0.022994,-0.0056589
-0.035791,-0.012033,-0.021622,0.0098206,-0.025827,0.010068,0.0055723,-0.016128,-0.00039679,0.026453,0.0048059,0.00047883,0.0031555,-0.0012581,0.013596,0.0082308,-0.0052103,0.01231,-0.00020819,0.014437,-0.0011304,0.0041294,0.014932,-0.013671,0.0043071,-0.028476,0.004464,0.0040143,0.0090254,-0.01728,-0.013647,-0.013002,-0.011454,-0.005891,0.00040777,-0.0044145,-0.001366,-0.011251,-0.0015383,-0.0051331,0.016365,0.011468,0.022134,-0.012625,0.0012694,0.019282,-0.015489,-0.010311,0.00081078,-0.017512,0.029905,0.0036859,0.0075055,0.0075534,-0.0061436,0.021196,0.00061898,-0.017853,0.0034651
0.026733,0.0095276,0.0095538,0.0052577,-0.01383,-0.0055477,-0.0056772,0.0093561,-0.0048484,0.011484,0.0052809,-0.012198,0.020535,-0.002772,-0.0078049,0.02012,-0.00040585,-0.003264,0.017808,0.00062403,0.016547,0.022939,0.022673,0.0035391,-0.013423,0.0065115,0.0011033,0.0056986,-0.00011658,-0.0028098,-0.0019553,-0.012084,-0.011671,0.0020843,-0.0011726,0.0087937,0.012938,-0.0079099,-0.027149,0.0051763,0.008672,-0.013457,0.014111,-0.00092229,-0.01385,0.0047933,0.0035983,0.0089522,0.018913,-0.025199,0.0012664,-0.012348,0.020939,0.0053788,-0.01182,-0.0018393,0.007267,0.014723,-0.015947
0.01231,0.0084066,0.014548,0.010102,0.025068,0.0022055,0.0061704,-0.011961,0.020616,-0.028247,-0.0047343,0.0092923,0.010779,0.024964,0.012788,0.01241,0.0023068,0.020191,0.0088893,0.023324,-0.019492,0.0067735,0.017047,0.012558,-0.016633,-0.017157,-0.011414,-0.014789,-0.0030494,-0.006541,0.013288,0.025445,-0.020247,0.0028105,0.012386,-0.013297,0.0058184,0.0010267,-0.013586,0.0078479,-0.0067486,-0.017377,0.0018364,0.0096395,-0.015075,-0.017872,-0.0093782,0.0056833,-0.0027124,0.010409,-0.0077553,0.0011654,-0.0085791,0.0079166,0.0099986,-0.005721,-0.0017647,0.013441,-0.024736
-0.0085258,-0.0090351,0.0099722,-0.017062,0.0090733,0.0063465,-0.016777,0.00071423,0.0077255,0.0003227,0.029437,0.020796,0.0015375,0.0027931,-0.014402,-0.00061327,-0.010042,0.03921,0.0032771,0.011548,-0.0050116,0.0035219,0.012232,0.015265,0.0090125,-0.0016189,0.011549,-0.013535,0.024508,0.0011086,-0.0025162,-0.021142,-0.0025761,0.013314,0.0039326,0.012482,0.0080829,-0.011016,0.0032146,0.023136,-0.00029951,-0.015728,-0.0019924,-0.0052088,-0.0059955,-0.0072331,0.0090507,-0.011793,0.0034371,0.0016147,0.0065325,0.013811,-0.010657,0.0023663,-0.01044,-0.010185,0.0088312,-0.014892,-0.005053
0.0030097,0.019938,-0.0064849,0.012031,-0.002021,0.014888,0.0094959,-0.0093351,-0.017795,0.0057892,0.014586,-0.011458,-0.015186,0.0084784,0.017489,-0.014106,0.011981,-0.019138,0.0081833,-0.0081512,0.003734,-0.0073552,-0.0049312,0.012795,0.00059244,-0.0013763,0.013202,-0.0055231,0.011244,-0.0025578,0.037433,0.013128,0.003596,0.014444,0.017897,0.0073925,-0.016406,0.0053881,-0.0080216,0.0012219,-0.0030001,0.011036,0.0051383,-0.027238,0.020114,0.00073317,0.021262,-0.015509,-0.0026484,-0.0037772,0.013197,0.025415,0.0064176,-0.019177,-0.0088117,-0.0057182,0.0038309,0.026113,-0.0085118
0.0089524,-0.0058135,0.014569,-0.021952,0.0010761,-0.011098,0.0011532,-0.0072667,-0.015684,0.0054711,0.00027622,0.016513,-0.0046803,-0.0094612,-0.011094,-0.010485,0.0081634,-0.0034436,-0.0082215,-0.0023426,-0.0011259,-0.012358,0.02065,0.0029364,-0.012973,0.016199,-0.010225,-0.0091755,0.015841,0.003276,0.017615,0.0014641,-0.014086,0.0069284,0.0092073,-0.016412,0.0018254,0.004471,-0.0057887,-0.013046,0.019438,-0.02548,-0.010517,-0.010826,-0.014942,0.010354,-0.0071824,-0.011211,-0.00079324,0.014787,0.007501,0.0058806,-0.0065029,-0.020782,0.0023094,-0.0016784,0.008781,-0.009173,-0.007542
0.0056114,0.0061357,-0.0038651,-0.0044923,0.0020918,0.0077262,0.002447,0.00065564,0.00063709,0.0078728,0.0013891,-0.0018465,0.0028464,-0.0093828,-0.0099848,-0.016326,0.0029883,-0.011056,0.015427,0.011953,0.0036907,-0.00099748,0.013548,-0.012044,-0.0018994,0.0018473,0.015923,0.015438,0.01142,0.0069631,0.011326,-0.00055626,0.006152,0.018492,-0.013479,-0.01589,0.0090592,0.0053688,0.0026963,0.00039836,-0.0067756,0.00025483,-0.0045674,-0.0030078,0.014312,-0.0026141,-0.0017578,-0.0089499,0.0022629,0.0089526,-0.0059527,0.00082288,-0.010271,-0.0095745,-0.0055031,-0.0032623,0.020171,-0.013648,-0.018293
-0.025839,-0.0045826,-0.0078883,0.0099769,0.043238,0.013078,0.0073753,0.011047,-0.0056504,0.018097,-0.0048612,-0.01563,0.029546,0.015553,0.010949,0.0056668,-0.0090956,0.0047143,0.004301,4.8442e-05,-0.010883,-0.0015696,0.0029135,-0.002557,0.0038385,0.010404,-0.0080577,0.0064721,0.0067184,-0.015972,-0.001266,-0.012136,0.015366,0.011562,-0.010577,0.0008646,0.018141,-0.0090914,-0.0010706,0.01141,-0.029425,0.018863,-0.0092062,-0.022491,-0.0078974,-0.016434,0.0060835,0.034238,5.9694e-05,0.00048451,-0.0085221,0.018543,0.0058405,-0.030831,-0.010759,0.0047145,0.01324,0.013917,0.0089344
0.017137,-0.002568,0.016275,-0.00354,-0.017958,0.010995,-0.0062196,0.015726,0.013803,0.0055991,-0.0038348,0.016206,-0.0020387,-0.01228,0.0066863,-0.0069576,-0.0018907,0.013011,-0.00059048,0.0097616,-0.0029163,0.0077961,0.017088,-0.010809,-0.024162,0.026981,0.0032515,0.023243,0.007864,-0.0098782,0.034196,-0.015748,0.0069257,-0.0078582,-0.01289,-0.0090698,-0.020355,0.010392,-0.0025629,-0.010354,0.0025905,-0.020399,-0.0038006,-0.0031032,-0.019705,0.005868,0.0035157,-0.0025113,-0.027124,-0.027748,0.015851,-0.00036986,-0.020825,-0.00036302,0.0068224,0.013662,0.0079331,-0.017195,-0.022645
0.011775,0.0087128,2.8657e-05,-0.007562,-0.0010843,-0.001172,-0.019409,0.01114,0.0035082,0.0033285,0.019401,0.0087122,0.0069031,-0.011522,-0.0021802,-0.001538,0.0020917,-0.0065462,0.0035048,-0.011421,-0.011816,0.0042202,0.0087605,0.003675,-0.0048871,0.0084054,0.013452,0.0080089,0.016554,-0.0022357,0.0039862,-0.0041737,0.023909,0.0051139,-0.0050343,-0.011205,-0.014199,-0.0027077,-0.006222,0.012026,0.0036687,-0.0066925,-0.0045305,0.015657,-0.0031198,0.017366,-0.000171,0.0073436,-0.012663,0.029571,0.016014,0.01149,-0.020054,-0.024422,-0.008864,-0.0059881,0.021565,-0.029665,-0.013831
-0.0012143,-0.0030483,-0.0018811,0.030415,-0.0034323,0.016123,-0.0091369,0.0017763,0.012106,-0.0029253,0.0093827,0.0068746,0.011828,0.0094421,0.0012131,-0.001749,-0.006211,-0.004305,-0.0074071,-0.0062424,-0.010793,0.0097376,0.016206,-0.0058872,0.023673,-0.0045726,0.010684,-0.010048,-0.00030165,0.0050156,0.013379,0.010611,0.0043359,0.014038,0.0040739,-0.0067556,0.0033919,0.0010181,-0.0017599,-0.01953,0.0076545,0.0091698,-0.010727,-0.003702,-0.0068842,0.014008,0.0064961,-0.013998,0.00042199,-0.0035887,-0.022184,-0.0050742,-0.0040425,0.019854,-0.0049211,-0.0034092,0.0068352,0.01113,-0.0034049
0.023576,0.015351,-0.0033704,0.007361,0.01438,0.015042,-0.010562,0.018525,0.015069,0.014275,0.0084223,0.014033,0.035227,0.0036508,0.022144,-0.0030263,-0.011544,0.015306,0.00045727,0.0071853,-0.030329,0.01115,-0.010162,-0.0048536,-0.00079041,0.01507,0.0065426,0.0062553,0.0094066,0.014542,0.0010191,0.0068079,0.016408,0.0064514,-0.022112,0.015967,-0.0090242,-0.012167,0.0017938,-0.0022351,-0.013676,0.0098302,-0.016639,-0.0075529,-0.0099328,0.0032901,0.0044065,-0.0041162,-0.007829,-0.0053432,0.0095443,-0.020469,-0.0024215,0.017136,-0.010053,-0.013634,0.0059,-0.004012,0.019519
0.012078,0.0026367,0.0047819,-0.0067797,-0.003557,0.0095136,0.0028368,-0.0078068,-0.00033517,0.0020941,-0.0020326,0.019095,0.0018419,0.017487,-0.0012396,-0.0014592,0.022009,0.0045778,0.0091378,-0.0012145,0.02226,-0.0028301,0.0036364,0.012631,-0.0069648,-0.016066,-0.0034223,-0.0048304,-0.0049215,-0.0085413,-0.0092127,-0.018606,-0.0021383,-0.016138,0.0038638,0.00031004,0.031834,-0.005258,-0.011373,-0.0065149,0.0075442,-0.00020245,0.0050554,0.0046296,0.0041609,0.0017103,-0.0051472,-0.015914,0.0019025,-0.0077034,0.011925,0.022439,0.020254,0.0031854,-0.00099711,-0.0094423,-0.01213,0.0048121,0.00081031
-0.012356,0.0035677,0.018399,-0.0011901,0.012243,0.011267,-0.015573,-0.0096559,-0.012971,0.00093338,-0.015841,-0.0048331,0.00055008,0.012548,-0.0035848,-0.0014173,-0.00099451,0.0055413,-0.0064814,0.011772,0.0056634,0.014116,0.013444,0.0056121,0.025158,0.0096422,-0.0094406,-0.0059981,-0.0019218,0.0077193,0.01584,0.03778,-0.0032284,-0.0076909,-0.0078897,0.0055476,0.01765,-0.0099363,0.0056288,0.010173,6.9749e-05,-0.021067,0.0056033,0.0017097,-0.0059873,-0.010509,-0.002479,0.01389,0.0068723,0.018996,-0.013463,-0.0054565,-0.010936,-0.014775,0.019856,0.002272,0.015782,0.0092404,0.0023099
0.0035601,0.027831,-0.0026138,0.0192,-0.0047454,0.034692,-0.0037202,-0.014641,-0.02017,0.017952,0.00047101,-0.010989,-0.0048972,0.00077434,-0.0047247,-0.01995,0.0096419,0.0073672,-0.001921,0.0043926,-0.007154,-0.0080744,0.01291,-0.015782,0.0011772,-0.0056541,0.0056369,-0.022885,0.0098532,0.011063,-0.0019509,0.0069517,0.011224,0.0017369,0.0057275,-0.0040692,-0.0099167,0.013597,0.0036092,-0.014163,0.013702,-0.0085534,-0.010285,-0.00048387,0.00718,-0.0033175,0.0079734,-0.0062903,-0.010333,-0.0074878,0.020528,-0.017372,0.0013265,0.0024973,-0.0044457,0.010442,0.0041386,-0.0066372,0.0024674
-0.0097048,0.0066882,-0.014152,0.010703,-0.0043446,-0.013597,0.011213,-0.0035137,-0.0012664,0.020413,-0.0052986,0.0011054,-0.0087505,0.0033156,0.019152,0.011415,0.0020394,-0.009185,-0.011904,0.0064913,0.0067621,0.0023975,-0.011422,-0.00761,0.0070831,-0.018286,-0.0046264,0.012307,-0.0018981,0.017381,0.0098632,-0.0056656,0.0146,-0.0050008,0.014442,-0.026093,0.0071595,-0.0024932,-0.0057796,-0.016798,-0.0085197,0.0051372,0.0038515,-0.0082375,-0.011505,0.010728,-0.011872,-0.0034303,-0.009961,0.017228,-0.01198,0.011951,0.0024206,-0.0012308,0.010635,0.020228,-0.00066342,-0.0088226,-0.010241
0.0090229,0.013003,0.033615,0.015806,0.0092504,0.0098311,-0.0065971,0.0047525,0.016184,0.012956,0.026509,0.0074068,0.010773,0.010202,0.003475,-0.010715,0.0054911,-0.0022081,0.0074592,0.019995,0.0016982,-0.0023031,0.0092714,-0.010998,0.0069884,0.00028142,0.012636,0.0067363,0.016535,-0.0025259,0.0011143,-0.018732,-0.016792,-0.0071322,0.035826,-0.0095563,-0.01307,-0.00036155,-0.014833,-0.012772,-0.0078805,-0.03291,0.0013656,0.0064355,-0.013821,0.0051701,0.0029945,0.012644,0.0044764,-0.016684,-0.0026268,0.0024622,-0.0033268,-0.036128,0.0030374,0.016579,-0.012136,0.0042221,-0.016983
0.012866,0.0085887,0.017894,0.028477,0.027748,0.0039257,0.0026523,-0.01507,-0.01119,-0.0048976,0.0081273,-0.0013754,0.0063731,-0.00026331,-0.0071173,0.021157,-0.017347,0.012552,-0.018801,0.018135,0.023434,-0.0041373,0.0091738,0.004298,0.0074756,0.019227,-0.0068258,-0.011706,-0.0061876,-0.0094837,0.00084921,0.015752,-0.0047912,0.017672,0.0058669,-0.012714,0.0067826,0.015516,-0.018785,-0.0055782,-0.005179,-0.01379,-0.0094203,0.0015522,-0.0040375,0.0059481,0.00073458,-0.0013285,-0.0015969,-0.02199,-0.0084677,-0.0022438,-0.0068755,-0.008944,0.01677,0.0014004,0.0043097,-0.0018935,0.0044525
-0.01306,0.0054787,-0.0044694,-0.010283,0.0013259,0.013512,0.0042698,0.0037042,0.0068554,-0.0041659,0.0018676,-0.0099503,-0.025892,-0.008365,0.0079309,0.0074959,-0.016477,-0.022305,-0.0061361,0.0089429,0.0087513,0.006281,0.0090345,-0.0061715,0.0038839,-0.01067,-0.0036454,-0.0097689,-0.017827,-0.0021522,0.029669,0.0056186,-0.0026463,0.0081155,-0.003738,0.00091216,0.0025699,0.0070865,-0.016043,-0.018473,-0.0072824,0.00093102,0.031005,0.020089,0.010676,-0.016606,-0.0084064,0.0033186,-0.0074445,0.0031595,0.020713,-0.00338,0.00779,0.030759,-0.018465,0.0095474,-0.00097646,-0.0017025,-0.0070832
0.0052875,-0.013191,0.0074505,0.012954,0.0028367,0.016424,-0.0062112,-0.0093589,-0.025764,-0.0022626,0.0016716,0.013374,-0.018572,0.0022228,-0.0052916,0.0087559,0.023105,0.0059193,-0.00061962,0.00045362,0.010184,0.016041,-0.0035548,0.0076266,0.0029757,0.014162,-0.013017,0.011822,-0.017136,0.025881,0.0057236,-0.0098037,0.0089714,-0.013936,0.01941,-0.016325,-0.022527,-0.019982,-0.027467,-0.0095242,0.013892,-0.0082309,0.015851,0.0060939,-0.0049863,0.012703,0.00062052,0.00033807,0.011324,0.0045811,-0.017367,0.009867,-0.00047087,-0.012929,-0.012163,0.0016229,-0.01457,-0.011685,-0.0035506
-0.0071979,-0.0089909,-0.016518,0.034353,0.013999,0.0022406,-0.00066003,-0.0022548,0.00014366,0.012486,0.0072643,-0.012879,-0.0017054,0.010993,0.031129,0.0054723,0.0024959,0.0052222,-0.00097645,0.015601,-0.012507,-0.011512,-0.0086389,-0.015795,0.012796,-0.0061254,0.014779,-0.0022236,-0.033791,-0.024802,-0.0064902,-0.015363,-0.0074081,-0.0084088,0.00082303,0.014102,0.015466,-0.012666,-0.011147,0.021367,-0.013234,0.0035145,-0.0088599,-0.0040795,-0.0049172,0.0014551,-0.0062008,-0.011472,-0.0017044,-0.0022802,-0.0017153,0.023661,0.0058518,-0.011335,0.0030541,-0.0071874,-0.0012841,0.015086,-0.0029511
0.017826,-0.0082189,0.004287,-0.016034,0.014442,-0.0101,-0.0064233,0.0091637,-0.012054,0.0052848,-0.016577,0.0025813,0.026481,-0.0026763,0.0094654,0.0015837,-0.0023222,-0.0093755,-0.0018633,-0.011583,-0.012193,-0.027319,0.0015583,0.0032829,0.015654,0.0033683,0.020511,0.020954,-0.029474,0.0065458,-0.019252,-0.0017558,0.00091834,0.0088035,-0.00038729,0.02202,-0.0074727,-0.011409,0.015062,-0.016959,-0.0026148,0.020394,-0.009477,0.0043272,-0.006242,-0.0041885,-0.0033745,0.0016765,0.0060356,0.018098,-0.01312,-0.0083421,0.005486,0.0018238,-0.0022723,-0.00086763,0.0037575,0.011298,0.013616
0.0066352,0.0077736,0.0080301,0.010949,0.0018931,0.0060497,0.015715,0.02011,0.012162,-0.01443,0.020038,0.016896,0.0080614,-0.0038527,0.030998,-0.0048117,-0.011221,0.012607,-0.0062327,-0.025984,0.0057952,-0.0046411,0.0021107,0.0083117,0.007769,-0.0055225,-0.0040931,0.0087004,-0.020139,0.0082347,-0.0032111,-0.010586,0.0029004,-0.0086529,0.0032642,0.0029081,0.00061616,-0.0016596,-0.0041472,-0.011277,0.0057391,0.0096231,0.018772,-0.018927,0.011749,-0.0084689,0.015149,-0.0096491,-0.0034947,0.00090671,-0.012878,-0.014519,0.00091967,0.0027236,-0.014427,0.0043178,-0.023928,-0.010631,0.014668
0.01122,-0.0064923,-0.015681,0.0021462,0.01698,0.015097,-0.01265,0.0018852,0.0082531,0.0056551,0.016059,0.0071177,-0.015434,0.0053028,-0.0042253,-0.019629,0.0063304,0.0036254,-0.0018549,-0.021961,-0.0080313,-0.019239,0.0087982,0.013598,-8.1268e-05,0.017081,-0.002131,0.011691,-0.0016351,0.0067892,0.019761,-0.0081044,0.0055198,0.0016994,-0.0046687,-0.0016213,-0.014031,-0.0031418,0.0097155,0.0077821,-0.022181,0.023066,-0.0027824,-0.013355,-0.013151,-0.0059297,-0.014231,-0.01118,0.0093536,0.00060884,0.0079927,0.00061549,-0.019365,0.018769,0.015141,0.011244,0.0092939,0.009658,-0.021357
0.016884,0.003912,0.0097037,-0.0013225,-0.00476,-0.019762,0.0026746,0.011917,0.012298,-0.0068677,-0.0044679,0.0039224,-0.002435,0.0090643,-0.010649,-0.012869,-0.01116,0.00043202,-0.013405,0.0010918,0.0010876,-0.0045243,-0.0093543,-0.0038272,-0.015098,-0.011473,-0.006602,-0.016558,-0.0032834,0.020321,0.011779,0.017364,0.0045266,0.0079241,0.0036613,0.005328,0.011873,-0.0043781,-0.014534,-0.0031105,-0.013105,0.019396,-0.024755,0.0084256,0.0089578,0.037759,-0.014008,-0.00088789,0.0034298,-0.022082,0.0016618,-0.0094186,0.0044254,-0.0088068,0.010315,0.006576,0.010458,-0.035497,0.0036735
0.011809,0.022649,0.034016,-0.015674,0.002821,-0.0037054,-0.0012832,0.019217,-0.0017314,-0.0044233,-0.0051345,-0.0071495,0.0075115,-0.011624,-0.0042426,-0.0081375,-0.017087,0.0056064,-0.018669,-0.0091105,0.0074419,0.019656,-0.0066596,0.0018011,-0.010655,0.0078674,0.00065739,-0.017792,-0.0063149,0.007358,-0.003209,-0.021075,-0.0060522,0.016498,-0.020832,-0.028041,-0.01031,0.011508,-0.0063729,0.0050745,-0.021619,0.0058181,-0.0093139,0.0098153,-0.012527,-0.0015434,0.0040192,0.00091783,0.0048899,-0.01735,0.0076914,-0.0091765,-0.017839,-0.0032986,0.0060874,0.0057221,-0.00884,0.012655,0.0001982
0.016384,0.0017621,0.012825,0.0018763,0.010846,0.031593,-0.023479,0.010556,0.0032865,-0.0083669,-0.012103,-0.00057601,0.01478,0.0031161,0.0077604,-0.0063861,0.015667,0.0080455,0.00036511,-0.00037159,0.010934,-0.0050585,-0.011952,0.014529,-0.0021534,-0.017265,0.014272,0.0029186,0.0055963,0.016073,0.027951,0.0042598,-0.0023436,0.011951,-0.012256,-0.0043855,-0.0071634,-0.001259,-0.023985,-0.0062164,-0.0068081,-0.002755,0.020041,-0.0011376,-0.00090562,-0.014423,-0.0059926,-0.0014953,0.0051493,0.0072716,0.014412,0.0036909,0.00018661,0.00033968,0.01533,-0.010739,0.018997,-0.010585,0.00090239
0.0088849,0.0093718,0.013694,0.0050217,0.0064575,-0.002794,-0.0070804,0.0044181,-0.013536,0.015629,-0.0049741,0.014024,-0.014466,0.0037292,0.013483,0.017407,-0.0031273,0.012972,-0.012769,-0.0083352,-0.00032047,0.0031231,-0.0065558,0.0013745,0.009055,-0.0024799,0.0016061,0.0033576,-0.031073,-0.0023216,0.0035626,0.0049065,0.014823,-0.010225,0.013395,-0.0060602,-0.014934,0.020386,0.00075526,0.012035,0.0093403,-0.028085,0.0046212,-0.0061806,-0.0015537,-0.0013795,0.012268,0.0068671,-0.00016528,0.017779,0.00085672,0.011773,-0.01495,0.0036937,0.0011297,0.0087716,-9.0473e-05,0.0040594,0.014955
0.017316,0.036134,-0.00034927,-0.022124,0.0044961,-0.0086907,0.017124,0.019813,0.013348,0.0019592,-0.010794,-0.013974,-0.0061198,-0.02048,-0.008207,0.0046253,0.008123,-0.0079349,-0.0069189,-0.0079204,0.00050992,0.0077346,0.016177,0.0020279,-0.013648,-0.016454,0.023775,-0.016344,0.013547,0.0096705,-0.01323,0.0095208,-0.011654,0.017121,0.0074925,-0.00010116,-0.0049699,3.2855e-05,0.0028483,-0.003599,0.0058004,-0.010831,0.00046896,-0.011177,0.0086792,0.0069474,-0.0093572,-0.005347,-0.0014163,-0.0029195,-0.011971,0.0040627,0.023179,0.0054156,-0.0066088,0.012907,0.023909,0.0021669,0.0020088
0.020974,-0.0097527,0.013047,-0.01964,0.0074676,0.0050191,-0.0058718,0.0041726,0.0046685,0.01621,0.0034749,-0.014302,-0.01915,-0.001631,0.0013364,0.018805,0.013654,-0.00552,0.010149,-0.0072009,-0.0026947,-0.0055394,-0.025235,-0.01514,0.0063737,0.032678,0.0023589,-0.01343,-0.0068783,0.016026,0.014156,0.0031587,-0.0033662,0.014929,-0.014179,0.024648,0.00047509,0.018617,-0.014238,-0.015011,-0.0064359,-0.011164,-0.0077921,-0.015421,0.0052031,-0.020334,-0.024982,-0.010839,0.0202,0.0042024,-0.0010889,-0.0048247,-0.003295,-0.0045427,0.0024634,0.0014038,0.021829,-0.00072893,0.00045392
0.013313,-0.0084051,0.005262,-0.00048585,-0.011071,0.0056772,-0.0073738,-0.0091116,0.0078646,-0.0097006,0.010437,0.0064633,-0.010767,0.0050378,-0.01089,-0.025922,0.013291,-0.0019476,-0.0070089,-0.022537,-0.0032442,-0.0060719,-0.013567,-0.0054054,0.0075201,0.0070106,0.00062619,0.0060678,-0.010937,-0.0021467,-0.010749,-0.020903,0.0013568,-0.00031351,0.0080146,-0.013778,0.0086751,0.0060788,0.032655,-0.013109,0.02323,-0.003314,-0.013863,0.0031861,-0.0023432,-0.012755,-0.0035329,-0.021019,0.0028879,0.0012875,0.018378,0.0045662,-0.0056519,0.000378,-0.0053188,0.013263,-0.021752,0.021333,0.024022
0.0055312,0.0077462,0.0051904,0.00030964,-0.033706,0.011309,-0.010735,0.00045532,0.03307,0.015697,-0.023158,0.0067405,-0.014898,-0.0063194,-0.002184,0.014966,0.01798,0.015072,-0.022462,-0.012355,-0.010928,-0.017585,-0.0068091,0.014141,-0.0009495,0.0020679,-0.01478,-0.01837,0.0038402,-0.013579,-0.0015824,-0.0058031,-0.018283,0.015107,-0.014679,-0.018757,0.012318,0.0073869,0.0040536,-0.0091032,0.024608,-0.0021085,-0.015044,0.0074503,0.016499,-0.0067946,-0.0042263,-0.014091,0.00054635,-0.001394,0.002744,-0.0049546,0.0076497,-0.0071184,-0.015126,0.025314,-0.0042037,-0.0014861,0.012427
-5.593e-05,0.0049247,-0.0041141,0.0036578,0.0026449,-0.0011689,0.0088248,0.0099103,-0.0038887,0.0043001,-0.003633,-0.0053961,-0.016895,0.014369,-0.0064668,0.0014026,0.0061714,-0.0078172,0.0026687,-0.0089388,0.0018982,-0.018734,0.013481,0.010893,0.021118,0.0020758,-0.0073959,-0.024498,0.00067663,-0.016823,0.0098064,0.0058665,0.0049443,-0.014345,-0.006113,0.012834,-0.010815,-0.021039,0.0059624,-0.01284,0.0045005,-0.012873,0.023496,-0.019411,0.007959,-0.012207,0.0035028,0.00062247,0.0073542,0.0036402,-0.0089375,0.0032066,-0.00025853,-0.0029073,0.027427,-0.0042937,-0.0092632,0.0082314,-0.0037205
-0.00212,0.028435,0.011378,-0.012872,-0.0018278,0.012607,0.012431,0.014014,0.015556,0.0019215,-0.0080338,0.0019234,0.022965,0.0087058,0.0029968,-0.00018067,-0.0035405,-0.019462,-0.026092,0.0093002,-0.0083104,0.00064432,0.0047211,-0.0080091,0.0025142,-0.0091347,-0.0056551,0.014848,0.00025897,-0.0025982,0.006357,0.006978,0.0030998,-0.002746,0.012991,-0.010742,-0.00022021,0.019374,0.0028421,-0.0077376,-0.018769,-0.016661,0.00084369,-0.015854,-0.0069224,0.0062233,-0.0048486,-0.0054369,0.0060541,-0.011155,-0.013914,0.010539,-0.020875,0.0091515,0.0043239,0.0096045,0.00091931,0.001592,0.0013906
-0.0043548,-0.014764,0.0073783,-0.010174,-0.014795,-0.015802,0.010807,-0.0015401,0.0056533,-0.00039654,-0.002412,-0.013903,0.0019635,0.0023158,-0.018019,-0.0054397,-0.014585,0.0094916,-0.014389,-0.0067767,0.0027905,0.001933,-0.0089666,0.014626,0.00048276,0.0046895,-0.019755,0.0004928,0.010827,-0.0057656,-0.0029182,-0.014719,0.011992,-0.008574,-0.0084093,5.4832e-06,-0.0053693,-0.016574,-0.0022166,0.0079515,-0.0083151,-0.006118,0.0046307,-0.001643,-0.014012,-0.030124,-0.0045428,-0.005507,-0.0072954,0.010614,0.0021726,-0.013275,0.0033007,-0.00039674,0.0025241,0.0079878,0.012412,0.011222,0.014375
0.0093814,0.0011529,-0.0001092,0.0025307,-0.021303,-0.00013244,-0.00046927,0.012838,0.012677,0.017536,-0.0040338,-0.0088775,-0.0020456,0.0049172,-0.0020047,0.013166,-0.0061437,-0.0019062,0.014314,-0.015514,0.0043928,-0.0049834,0.005381,0.010393,0.013201,0.013226,-0.022565,-0.015899,-0.0027738,-0.020316,-0.014219,0.00023476,0.012753,0.0075214,-0.0051106,-0.005133,-0.0071137,0.015837,0.00098405,-0.005263,-0.010291,0.010721,0.00044966,0.0018081,0.013348,0.023743,-0.0030674,-0.0074529,0.0066405,-0.012103,-0.0013035,-0.00058335,-0.010327,0.021394,-0.0037476,-0.0036716,-0.0039658,-0.010253,0.0095136
0.0080019,0.011421,0.020014,-0.0048098,-0.0059059,-0.0033069,0.027772,0.012978,0.020825,-0.0057489,-0.017466,-0.010762,-0.036562,-0.010943,-0.0057499,-0.021497,-0.0086339,0.0090191,0.013043,0.025503,-0.015332,0.0088783,0.004908,-0.0050358,0.0056382,8.2942e-05,-0.014342,0.019257,-0.0052911,0.00029363,-0.010529,-0.015474,-0.00016908,0.00072123,-0.020799,0.028563,-0.0058088,0.0032308,-0.0098122,0.017301,-0.0051866,-0.016931,-0.0082362,-0.0074756,0.0089181,-0.033503,-0.018045,-0.010167,0.00085897,-0.006698,-0.0175,0.012382,-0.040062,-0.0019662,0.012233,0.0053249,-0.0077562,-0.015306,-0.0013685
0.0091019,-0.012764,-0.012396,0.0056884,-0.002559,0.00098822,0.029178,0.0031884,0.02264,0.032659,0.0075741,-0.0077194,0.001224,-0.017314,0.011786,-0.017324,-0.0068942,-0.015248,0.013384,0.0080635,0.0030819,-0.0022984,-0.0025182,0.0039703,-0.0042744,0.0080309,-0.0073557,-0.0040268,-0.0095262,-0.016151,-0.010188,-0.0068326,0.0092606,0.0084084,-0.0042267,-0.034944,-0.0036101,-0.013606,-0.0034097,0.0094453,0.017817,-0.0078245,0.0088492,-0.010862,-0.01743,0.0052675,-0.0070008,0.0014036,-0.0020093,0.027722,-0.009249,-0.0037011,-0.0079789,-0.0017026,0.017976,0.032708,-0.0267,0.019428,-0.0012185
-0.0061348,-0.024708,0.011839,0.0072889,0.009017,0.002094,0.025473,0.021006,0.037854,0.0015613,-0.0015529,-0.014427,-0.0006744,0.0051319,-0.024383,0.0099705,-0.0045262,-0.018605,-0.010161,0.00085537,0.0049233,-0.006109,0.016539,0.015463,0.0017171,-0.010933,-0.0076995,-0.0058943,0.0047748,-0.0097877,0.0017279,-0.0014657,0.018217,-0.0066596,0.0075396,0.0087926,0.0072583,-0.0068611,-0.0081369,0.015077,0.014109,0.020252,-0.011171,-0.0054185,-0.015732,0.0021514,-0.0028572,0.0020942,-0.0086873,-0.011754,0.015541,-0.0037889,-0.019465,-0.0021267,0.016787,0.0013532,-0.0024197,-0.0032096,-0.009589
0.002083,0.014929,-0.0062687,-0.0024791,0.008329,-0.016848,-0.0028436,-0.010408,-0.0025973,0.026695,0.018504,-0.019845,0.0038697,-0.0058838,-0.015762,-0.017743,0.00066003,-0.0029845,-0.019455,0.022706,-0.003437,-0.0011732,-0.011529,0.005989,-0.017375,-0.013604,-0.011774,0.00096092,0.010999,-0.011311,-0.03001,-0.005815,0.0030794,-0.0012896,-0.00035265,-0.0062477,0.01678,0.0074459,-0.0051246,0.0031604,-0.00035963,0.004425,0.018049,-0.0071654,0.0090501,-0.014858,-0.0098953,-0.025952,-0.00437,-0.0042945,0.021382,0.00097751,-0.026258,0.017071,-0.0016402,-0.0045032,-0.0046964,0.0061577,-0.0043656
0.025663,-0.003767,-0.0016047,0.010706,0.0096781,0.0036902,0.0031348,0.015264,0.0064573,0.033284,-0.0085315,-0.021217,-0.0071921,-0.013407,0.00439,-0.00014603,-0.014345,0.014041,-0.015043,-0.0060424,-0.0013733,-0.0053477,0.0089189,-0.022299,0.0050443,0.018888,-0.025515,0.010254,0.0078407,-0.0087109,-0.010168,0.0057848,0.0037658,0.0042117,-0.0012927,0.0061836,0.0029267,-0.013366,0.018064,0.0010696,0.031533,-0.019703,-0.0050773,-0.013091,0.0090833,-0.012043,-0.010777,0.012975,-0.010785,0.0045023,-0.0092393,-0.0047145,-0.010025,-0.0061063,-0.0070882,-0.010702,-0.018585,-0.010403,0.0073109
-0.00013819,0.0075084,0.012026,0.016697,0.0028339,-0.021702,-0.0073326,-0.0021296,0.023553,0.022969,0.0046699,-0.025952,-0.016973,0.0050243,-0.009381,-0.0038169,-0.0062637,0.0030672,0.015206,-0.00043765,-0.02725,-0.0032593,0.0039877,-0.0074374,0.0035011,-0.019029,-0.023452,0.013403,-0.0165,0.0099971,0.0014162,-0.010002,0.013701,0.014067,0.012079,-0.00088278,0.0077188,-0.016218,-0.0035539,0.0052961,0.0063358,0.0045079,0.0025543,-0.010969,0.012451,-0.016816,-0.0068007,-0.0016292,-0.002859,-0.007615,0.0045548,-0.0022369,-0.0063492,-0.0049831,0.0097421,0.0032916,0.0070811,0.006725,-0.0072522
0.017478,-0.00051393,0.0068402,0.021578,-0.0031373,0.0046212,-0.0084127,0.00060038,-0.014167,0.019628,0.037469,0.015685,-0.0029133,-0.0085373,-0.013069,-0.0075596,-0.01693,-0.0077042,0.0023379,-0.0081936,-0.010585,-0.0059125,0.019512,0.0045611,-0.0052494,0.018845,0.0010543,-0.0035965,-0.013613,-0.028215,-0.00098152,-0.0021703,-0.0092163,0.015822,-0.010982,-0.0063602,0.00023984,0.018309,-0.0028244,-0.004852,-0.0048905,0.032244,-0.011916,0.0021413,-0.012703,0.0064463,-0.0056991,-0.025683,0.0073671,-0.0035409,0.0039724,0.016018,-0.0072885,-0.0020811,0.01461,0.010815,0.015237,0.01226,-0.0071368
0.010483,-0.0099421,-0.010113,0.010192,-0.0016171,-0.014218,-0.0030791,-0.0021437,-0.018639,0.013866,-0.0013137,-0.016152,0.0034093,-0.018263,0.02157,0.0039851,-0.0044347,0.010016,-0.0039245,0.009492,-0.021249,0.00082707,-0.0026846,0.01424,0.03622,0.007868,0.0083547,0.0075687,1.3814e-05,0.0059774,-0.012143,0.008129,0.0067274,-0.011756,-0.0091312,0.001049,-6.6589e-05,0.014175,0.0062046,0.0088884,-0.0087514,0.013598,0.019513,0.0082021,-0.010679,-0.0035788,-0.006709,0.0065102,0.0013955,-0.0045437,-0.0083347,0.0051952,-0.0060694,-0.0093825,-0.014349,0.0087763,0.010517,-0.0087777,0.0085129
-0.023309,0.015783,0.0088147,-0.025463,0.014549,-0.005929,0.0055239,0.00029814,0.0071154,0.00019776,-0.0042602,0.010845,0.015674,-0.00094638,-0.013927,-0.038451,-0.026147,-0.022893,-0.024925,-0.0031363,-0.0040628,0.0019802,0.018035,-0.022795,0.02284,0.0098253,0.0040836,0.0027326,-0.0098569,-0.0035451,-0.015873,0.0030163,0.0052218,-0.0093585,0.017802,0.015397,0.020775,0.027319,0.010861,0.021949,-0.0034232,-0.0031469,-0.0046688,0.0094726,0.0062797,-0.0065643,-0.014388,0.0090932,0.0030575,-0.0093133,0.0068929,-0.0039864,0.0014403,0.0043857,0.008276,-0.0095937,0.021723,-0.005502,-0.01945
0.0242,-0.0082132,0.0039459,-0.01251,-0.021624,0.014829,-0.0052237,0.0022484,0.026286,0.0025676,0.0022745,0.019372,-0.0064015,-0.014459,-0.00023934,-0.004454,-0.021706,-0.023762,-0.002119,-0.018655,0.0045675,-0.021384,0.00049,-0.019272,0.010033,0.012888,-0.0050233,0.0028688,0.005273,-0.0037414,0.010713,0.0057592,0.00043845,-0.0020751,0.001809,0.010719,0.014811,0.014276,0.014042,0.0073466,0.0045481,-0.0025508,-0.0092643,0.0071665,-0.015089,-0.0054586,-0.00091413,0.016443,0.0080925,-0.010031,0.0041443,-0.0095284,-0.024134,-0.00637,-0.019753,0.016036,-0.011502,-0.024099,0.0076829
-0.0055891,0.00074345,-0.024823,-0.026852,0.027326,-0.0022647,-0.014929,-0.015528,0.016381,0.0041455,-0.0038336,-0.012329,-0.002566,-0.0069861,-0.005176,0.0070847,-0.018409,-0.015521,-0.026741,-0.038041,0.001083,0.0055085,0.011025,0.018338,0.03101,-0.0064424,-0.020679,-0.00089039,0.0021895,0.0011952,0.016326,0.0068761,-0.0055826,-0.0008815,0.001729,0.014217,0.029566,-0.0042303,0.0013913,0.020806,-0.011146,-0.00091071,-0.0075804,-0.0057102,-0.013324,-0.019335,0.010077,0.0070517,-0.016616,-0.0045663,0.0037277,0.026053,-0.011726,-0.029416,0.022382,-3.7802e-05,-0.0015256,0.014516,-0.011986
-0.010187,0.014534,-0.014361,0.001492,0.0026979,-0.0035789,0.002332,-0.0047338,-0.0097202,0.014941,-0.006936,-0.0076107,-0.015584,-0.020538,-0.014644,-0.0095765,-0.030214,-0.005288,-0.0085716,-0.0057895,0.0054153,0.0011448,0.015941,0.0080045,0.0039288,0.018448,-0.00076512,0.011104,0.0073049,-0.00052357,-0.008139,-0.0035794,0.017175,-0.0055008,0.0064615,0.0084264,-0.0026351,0.0092291,0.0095886,0.012546,-0.018827,0.0033218,0.013663,0.0050429,0.031444,-0.0069544,-3.5072e-05,0.0068452,0.028976,-0.010091,-0.0016637,-0.0072258,0.0039275,-0.014682,0.0055098,0.012504,0.017925,0.0041908,-0.0048838
0.0045965,-0.010773,-0.01254,-0.020924,-0.0056604,-0.0039947,-0.0020592,0.020203,-0.014679,-0.0033866,-0.00079426,-0.0087132,-0.0053719,0.0014413,-0.01282,-0.015659,-0.0057622,-0.0034322,-0.01505,-0.010175,-0.0084713,0.0098871,0.0059402,-0.0032067,0.0044522,0.0022964,0.0054178,0.0021937,0.014506,0.032947,-0.0027048,-0.0022086,0.0055101,-0.0061732,-0.00074597,0.02127,0.00098395,-0.014474,0.00016979,0.0085605,0.0061213,-0.0052246,0.0082295,0.0085637,0.001876,-0.02901,-0.0051663,-0.010233,-0.0095461,-0.014791,-0.0072859,-0.002525,-0.0072234,-0.011159,-0.0066258,0.015372,0.02798,-0.00047209,0.0054033
-0.019248,-0.017615,0.019054,-0.0035105,0.0072726,-0.006245,0.012768,0.003196,-0.016334,0.0027811,-0.0092246,-0.016876,0.00057394,-0.017801,-0.028643,-0.0094478,-0.034483,-0.0097921,-0.044159,0.0098691,0.0078156,-0.022266,-0.0027029,0.010429,0.0023311,-0.0018314,0.01744,0.018792,-0.0054408,0.011129,-0.0081853,-0.023651,0.016661,0.0085457,0.0057256,0.018348,-0.01531,0.010923,-0.0071468,0.011174,0.0072722,-0.01331,-0.016821,-0.012663,-0.0059097,-0.0037949,-0.0060208,-0.0091845,0.010089,0.0063056,-0.025779,-0.00033746,0.0083559,-0.0135,0.0072332,0.001257,-0.00059323,-0.012913,-0.0063933
0.023804,0.018368,0.015487,0.0016373,-0.013823,-0.0064408,0.019785,0.0037495,-0.0088208,-0.0040067,0.0027354,-0.0041838,-0.020998,-0.020043,-0.043898,-0.041356,-0.071477,-0.043075,-0.016687,-0.02235,-0.015847,0.010502,0.002618,0.0043503,-0.003687,-0.01979,0.010562,0.0096678,0.031518,0.0047062,0.016062,0.0073425,0.0009919,0.015228,0.0060058,0.019885,-0.0076701,-0.022507,-0.0010564,0.02963,0.014814,0.0035319,-0.0025524,0.0049997,-0.017263,-0.011224,0.0054615,-0.018349,0.0017826,-0.013435,0.010771,0.0042452,0.013779,0.011855,-0.00028231,-0.004669,0.013912,-0.02255,0.0078292
-0.0018316,0.0084255,0.025357,-0.00069018,-0.0091877,-0.0066755,-0.0071531,0.0026175,-0.011464,-0.013512,0.0056178,-0.02849,-0.013885,-0.023475,-0.050733,-0.073199,-0.088731,-0.0655,-0.049741,-0.020824,-0.019124,0.015134,0.016877,0.017034,0.0070444,0.0038519,0.0041526,-0.0048248,-0.0064051,0.001914,0.0068388,0.002381,0.014675,0.0017301,-0.018483,0.010592,0.015395,-0.014256,-0.010007,-0.0034645,0.0014796,0.010803,0.003052,-0.020114,0.020909,-0.00092464,-0.017704,-0.038526,-0.013542,0.0011874,-0.0075284,-0.018715,0.0029124,-0.00086337,-0.0023145,0.015028,0.017902,-0.0062867,0.01338
-0.017206,-0.0094465,-0.0054929,-0.0061312,-0.015807,-0.012982,0.012663,0.0068333,-0.0094232,-0.024013,-0.019171,-0.0047853,-0.040708,-0.033404,-0.079663,-0.1325,-0.10651,-0.071325,-0.038123,-0.017163,-0.022746,0.030153,0.0045986,0.0065286,0.0048121,-0.0029336,0.0016797,0.0099564,-0.013321,-0.0078363,0.0097612,0.00026312,-0.020954,0.015249,-0.010669,-0.0016455,-0.00025646,-0.0042868,0.0034112,0.0053676,0.0037971,-0.019671,0.0022482,0.00078511,0.0015872,-0.0069276,0.0096727,0.010978,0.015583,0.0020198,0.0092741,0.0092681,-0.0064268,-0.019319,-0.0082955,-0.004366,0.0070313,0.0018424,0.023891
0.017483,0.0050462,0.010563,-0.012948,-0.014534,-0.018538,-0.027787,-0.0013673,0.0077758,-0.027026,-0.0067764,0.0039855,-0.065493,-0.058719,-0.13301,-0.20928,-0.21916,-0.14516,-0.070641,-0.00028121,-0.0094995,0.013744,0.0093553,0.0054155,-0.012609,-0.0030815,0.011446,-0.0055181,0.008661,-0.019187,0.001112,0.014006,0.00033264,0.010242,0.0032337,0.011013,0.010714,0.00085841,-0.001296,-0.0072041,0.0091042,0.004155,-0.015266,0.0096304,-0.0010583,0.016758,-0.012094,-0.0034156,-0.0068723,-0.0014586,0.025083,0.010628,-9.9995e-05,-0.019242,-0.031451,-0.013536,-0.0049606,0.0048161,0.018264
-0.0096348,-0.0012349,-0.0077854,0.0092225,-0.011165,0.0092791,0.015369,0.019171,-0.0045551,-0.0035027,-0.028041,-0.0107,-0.06372,-0.06925,-0.089583,-0.19514,-0.36018,-0.31253,-0.14632,-0.037531,-0.014548,0.016598,0.0099393,0.01721,0.022974,0.0066342,-0.01062,0.00025234,0.0063957,-0.0036203,0.033184,-0.024907,0.01356,0.00068602,0.019453,-0.0013506,0.0058084,0.011089,0.0049118,-0.0013335,-0.0041437,-0.014044,-0.022075,0.0032673,0.0070625,0.016484,0.0021182,-0.01006,-0.035602,-0.015693,0.0059758,0.035403,-0.0061046,-0.0096363,0.0043567,-0.009082,0.001363,0.010583,-0.0033251
0.0065522,0.0095953,-0.014518,0.00060824,-0.0090984,-0.010784,-0.010117,0.0021492,-0.0018891,0.0066915,-0.0085214,0.0020927,-0.0281,-0.060661,-0.093581,-0.21334,-0.59272,-0.56951,-0.1587,-0.005301,0.015586,0.020376,0.011514,0.031483,-0.0082999,-0.0026741,0.0019689,-0.018096,0.01469,0.0011585,0.02888,0.0041282,0.0016711,0.01071,0.0089638,-0.0093004,0.022449,-0.015802,-0.0095595,-0.012621,-0.0018354,-0.01569,0.019126,0.0067557,0.0095531,0.013176,0.0032971,0.011726,-0.0050398,-0.004551,0.0089107,0.0057582,-0.0052061,0.01198,-0.02192,0.014562,0.028256,0.0062978,-0.0078987
-0.0092151,0.0092435,-0.0053695,-0.00034501,-0.0059814,-0.0058806,0.021993,0.0061581,-0.011235,-0.0094417,-0.010863,-0.026254,-0.038817,-0.050916,-0.11965,-0.3576,-0.69555,-0.37996,-0.080988,0.0057374,0.030568,-0.01357,-0.007486,0.01285,0.0091162,0.0027458,0.0029071,0.027004,0.0013887,0.028781,0.0076375,0.010251,0.020373,0.00039106,0.0068296,-0.0017824,0.010545,-0.017767,-0.0071561,-0.0067722,-0.014759,-0.00081706,-0.017176,0.008378,-0.0087499,-0.035759,-0.00038707,0.014962,0.029475,-0.017531,-0.0051752,-0.029339,-0.012688,0.0085501,0.0026156,0.0027748,-0.0091758,0.0067671,-0.030507
-0.0098344,-0.0024427,0.0053229,-0.022732,-0.0029134,0.010704,0.0091127,0.0017168,0.0038431,-0.0028027,-0.0033744,-0.027161,-0.028882,-0.035032,-0.10044,-0.21129,-0.31832,-0.22434,-0.037847,0.056433,0.034583,0.016669,0.01065,0.015953,0.014825,-0.0078267,0.012667,0.035709,0.038593,0.027168,-0.0081271,-0.0029516,0.010987,0.0061851,0.014688,0.01404,0.0076271,0.0077283,-0.0035089,-0.0051447,0.0096517,-0.016932,-0.014465,0.00030037,-0.0049188,-0.0004931,0.0036679,0.010206,0.0031561,0.003394,0.00093357,-0.0071009,0.006606,0.0083459,-0.0086172,0.012142,0.0037603,-0.0066298,-0.009036
-0.0040651,-0.0041592,-0.013973,0.014385,-0.024084,0.015507,-0.0024009,0.0087787,0.018111,-0.01107,-0.0032684,0.00087806,-0.028201,-0.020576,-0.063933,-0.087141,-0.17493,-0.16849,-0.065123,0.081231,0.064646,0.033119,0.024568,0.0076593,0.0037989,-0.0043791,0.0048684,0.005519,0.0029773,-0.0081278,0.0096139,0.0058644,-0.013807,0.00052423,0.014689,0.016562,0.0099885,0.01317,0.0029688,0.023575,-0.0094883,-0.00020732,0.029945,-0.0069025,-0.008777,0.018584,0.0020641,-0.0026726,0.014778,0.00068811,0.007772,0.010861,-0.0081551,0.018445,0.0023275,0.015327,0.013713,-0.0037507,-0.0045922
-0.0098945,-0.015109,0.015199,0.0034685,-0.00016474,0.00031952,0.014413,0.0011524,0.0054033,-0.010041,0.005041,-0.0043742,-0.015849,-0.017724,-0.023423,-0.060678,-0.10423,-0.092408,-0.0044752,0.07734,0.062756,0.0080364,0.019862,0.0067567,0.030891,0.0051236,0.0064732,-0.0044379,0.0078185,-0.0065927,0.0066039,0.020288,-0.011907,0.023432,0.021184,0.022032,0.019791,-0.006133,-0.0089535,-2.7779e-05,0.00086488,0.024429,0.0015352,-0.01161,0.0044355,-0.0028325,0.0065016,0.0050626,0.023683,0.0045025,0.0044068,0.0013434,-0.0027115,0.018309,0.0037655,-0.013113,-5.7821e-05,0.010868,-0.0053205
0.0095872,-0.0094085,0.018154,0.010056,0.0068414,0.0022687,0.010076,0.0186,-0.0089822,0.0016111,0.0015666,-0.017358,-0.021861,-0.012979,-0.01342,-0.047678,-0.041251,-0.033567,0.032955,0.073735,0.028028,0.024437,0.015656,0.010848,0.019041,0.0031325,-0.0013038,-0.0017474,-0.0064389,0.002135,0.0084015,-0.018895,-0.0040029,0.00067042,-0.0021261,0.012757,0.0020761,-0.0082102,0.0010322,0.016534,0.020866,-0.021536,-0.0078827,0.021904,-1.9388e-05,0.0015239,0.0078816,-0.00053169,-0.0090773,-0.00072986,0.019399,0.00039405,-0.0098297,-0.012458,0.0043682,0.011134,-0.0028938,0.0021265,0.006268
-0.010705,-0.021179,-0.0044036,0.00040305,0.012718,-0.01119,-0.011836,0.015954,-0.0060316,-0.0087268,0.004324,-0.0044301,-0.0070814,-0.00665,-0.024507,-0.031877,-0.035859,-0.016044,0.05546,0.044599,0.028971,0.012682,0.014726,0.0060304,0.03049,-0.00060072,-0.0040357,0.0049484,-0.018054,0.0035912,0.015017,0.00034492,0.0074736,-0.0050071,0.0044053,-0.0021987,0.023414,0.021078,-0.00075326,0.0059599,0.0041989,0.0087949,0.0070404,0.00040428,0.0010967,0.012182,-0.0029994,-0.0074272,-0.021025,0.00031495,0.0094823,-0.0055105,-0.0029777,0.0039553,-0.010811,-0.012675,-0.0076478,0.022311,0.016253
-0.014325,-0.017786,-0.0038189,0.0061071,-0.013662,-0.012574,-0.0048687,0.025779,-0.020209,-0.0030767,0.017789,-0.0035782,-0.023655,-0.038984,-0.018126,-0.0068191,-0.018611,-0.0050431,-0.014224,0.034107,0.040814,0.0059845,0.016425,0.0014207,0.024164,-0.0055544,0.0031485,-0.0041106,-0.025389,0.0085757,-0.005275,0.0014214,0.0058518,-0.0060811,0.010461,-0.0052576,0.012541,0.0058459,-0.0096834,0.00069646,-0.0020253,-0.01411,0.011377,0.002829,-0.0094754,0.0090733,0.016215,0.013566,0.009603,0.015326,-0.0091787,-0.00033597,0.022705,0.00030965,-0.0013233,-0.0087553,0.0012726,-0.016728,0.0080956
0.017599,-0.017987,0.014789,0.010356,-0.003826,-0.012546,-0.0027489,-0.0040169,-0.0064667,0.026047,-0.0073397,-0.024345,-0.012368,-0.010233,0.0014639,-0.01098,-0.019119,0.0010738,0.012405,0.018344,0.047179,0.016673,0.0053881,0.0098829,0.027195,0.010095,0.027705,-0.020398,-0.0094865,0.0051259,0.0050796,0.0086835,0.0067231,0.0099641,0.0034467,0.012482,-0.007647,0.0020302,0.016672,-0.016413,0.011207,-0.0012053,-0.013817,0.01009,0.0034416,-0.0082475,-0.0093181,0.012785,0.022829,-0.0075192,-0.0065472,0.010931,-0.00027132,-0.0185,0.017608,0.0045555,0.0070517,-0.023341,-0.0039651
0.0032729,-0.012338,0.0049751,0.005535,0.0073368,0.024112,-0.0060366,-0.0021532,0.020318,-0.013435,-0.00086046,0.017862,0.00098746,0.00067841,-0.018624,-0.028539,0.024534,0.028081,0.021721,0.016677,0.016338,0.0099891,0.0097975,-0.010208,0.008825,-0.00011657,-0.022773,0.0091307,0.039962,0.035052,-0.0056353,-0.013899,-0.018413,0.0028749,0.010154,0.0015832,-0.0035566,-0.0050705,-0.0030944,0.0031418,0.017903,-0.014227,-0.012743,0.013508,0.003805,-0.0086718,0.0095803,0.0026753,-7.0906e-05,-0.018343,-0.011465,0.001246,-0.0086416,0.0018357,-0.017447,0.0062397,-0.016285,0.012519,0.0034859
0.0053086,0.011588,-0.015921,-0.0022773,0.0036722,0.0024396,-0.009833,-0.0053827,0.0031988,-0.021201,0.021347,0.008365,-0.014248,0.0046828,-0.012385,-0.004952,-0.0038908,0.025809,-0.0005302,0.012663,0.0067186,0.017841,0.0050125,0.020374,0.025862,0.013004,-0.018103,-0.016909,0.0028453,0.019847,0.019567,0.0034557,0.012235,0.014701,0.016736,-0.01316,0.0046312,0.014529,0.00093929,0.01937,0.010191,-0.0017504,0.0038364,0.0084005,0.019318,-0.020873,-0.016072,0.0067895,0.0001073,0.0042612,0.001964,0.0028872,0.017866,0.0026745,-0.0077256,-0.013552,0.0038399,0.016811,-0.0011882
-0.0076891,-0.01348,-0.00030249,-0.0084472,0.0082503,0.002983,-0.0026385,0.011312,0.015911,0.0071543,-0.01646,-0.0086651,-0.018639,0.00060746,-0.0080905,-3.5289e-05,0.0043811,-0.017853,0.0067037,0.013088,0.011892,0.033165,0.0102,0.0067866,0.025325,0.0073708,0.0067266,0.0031178,0.012778,0.0048681,-0.011899,0.033257,0.014227,0.041585,-0.010202,0.0032485,0.010791,0.021719,-0.0088106,0.00060099,-0.0084168,0.0056969,0.025948,-0.010477,0.0017459,0.033588,0.018386,-0.0058822,0.010052,-0.0029244,0.0016143,-0.0068875,0.0020412,0.001565,-0.010526,0.0096659,-0.0079254,0.0052716,0.010181
0.0035521,-0.014471,0.0057576,0.024688,-0.0024839,0.029854,-0.011042,-0.0042983,0.025044,0.0040144,0.00099945,0.0023314,-0.021202,-0.017574,-0.0037335,0.013448,-0.0024385,0.0041378,-0.010329,0.0087711,0.017935,0.017934,0.016429,0.0040211,0.023069,0.009017,0.0052949,0.0016931,-0.0052413,0.010404,0.018226,0.0025862,-0.0033295,-0.0030755,-0.011538,0.0028807,0.008068,0.0073626,0.0029093,-0.0068931,0.012849,0.006666,0.011601,-0.0094804,0.010436,-0.0011324,0.0083114,0.012715,0.010663,0.013841,-0.013973,0.0066429,0.0077018,-0.0033748,-0.0058929,0.0038103,-0.0065663,0.012478,0.0065564
0.025945,0.011477,-0.0029194,0.019036,0.0010629,-0.026088,-0.01196,0.0087798,-0.005768,-0.005219,-0.0079369,-0.026299,-0.0083006,-0.022156,0.017624,-0.0025769,0.012247,0.01063,0.018369,0.024045,0.010314,0.0093505,0.014567,0.0062422,0.0087419,0.029792,-0.0082513,-0.017183,0.013983,-0.0047225,0.003668,0.00032732,-0.0028595,0.017729,-0.025414,-0.02423,0.0072595,0.0014459,-0.0038824,0.023806,0.0093434,-0.0026983,0.008732,0.012101,0.0026471,-0.0041354,0.0068966,0.0078129,-0.014376,0.0033341,-0.004017,-0.010021,-0.0013728,0.010818,0.025108,-0.0047229,0.0018085,0.0078483,0.0091381
0.0033336,0.0036184,0.0112,-0.0077935,-0.0062389,0.010087,-0.013457,0.012415,-0.0004078,0.012476,0.0076437,-0.0087895,-0.0053893,0.020804,0.0066923,-0.015905,0.009018,0.01599,-0.0010394,0.022142,0.015965,-0.01446,-0.0096824,0.0067541,0.026797,-0.019567,0.0085141,0.0023855,-0.0099715,0.016126,0.01836,0.0010003,-0.0017681,-0.0095635,-0.016823,-0.0077587,-0.018353,-0.00082531,-0.0055683,-0.0085208,-0.004166,0.0035331,0.0035244,-0.017778,-0.0082965,0.0058551,-0.00032124,0.011907,0.0047809,0.0014266,0.0056649,0.026898,0.0036215,0.0034444,-0.019411,-0.015198,0.013157,0.011029,0.0019199
-0.0061696,-0.0014468,-0.013787,0.013949,-0.015217,-0.0071257,0.0068678,-0.01287,0.020006,-0.0021493,-0.014684,-0.013569,-0.023422,-0.011551,0.0056508,-0.011834,0.0091646,0.0068322,0.015037,0.0027375,0.0017838,0.010113,0.029842,0.0015833,0.0040009,-0.0019029,-0.013515,0.030281,-0.0061494,0.015193,0.0057829,0.014101,0.010316,0.021213,0.011383,-0.0013682,-0.0056611,0.0054448,-0.0061565,-0.010078,-0.0038406,-0.00010031,0.011977,-0.0086821,0.012094,0.013607,0.0067779,-0.018475,-0.00043057,0.0077843,0.0065974,-0.0085657,-0.0022792,-0.0089773,0.024318,-0.00097233,0.0013889,0.001969,0.013591
-0.0080417,0.013113,0.00053915,-0.0062714,0.022447,0.0060793,-0.00074839,-0.018175,0.0029947,0.005958,-0.014366,-0.0054203,-0.0069927,0.0069406,0.014028,-0.018792,0.013936,0.0161,0.0050881,-0.00032118,0.025632,0.0022174,0.0176,-0.012447,0.024581,-0.016807,0.0095937,-0.0080633,-0.018231,0.046371,-0.0096068,0.0067117,0.0047829,0.0045815,0.00054591,0.0011979,-0.024177,-0.011762,0.017238,0.0069333,0.006104,-0.0096402,-0.01623,0.017223,0.014912,0.016249,0.012692,0.01086,0.023015,0.0038397,-0.005524,0.0011391,-0.0054809,0.0084733,0.0010994,0.0076771,-0.0018155,-0.013893,-0.013002
0.0075895,0.010922,0.00039502,-0.008505,0.010141,0.011508,-0.0055483,0.024142,-0.0019482,-0.017234,-0.0041919,-0.017839,-0.00074465,-0.0055302,-0.012567,0.024209,0.0060799,0.011771,0.011933,0.028127,0.0012728,0.018734,0.0071169,0.0072748,8.1199e-05,0.0042099,-0.00055969,0.01408,0.016211,-0.0010592,0.013193,0.0059972,0.0027957,0.010315,-0.010255,-0.0081166,0.0039482,0.0019909,0.015495,-0.019669,-0.0048193,-0.0088767,0.0036847,-0.013886,0.00059935,0.016452,-0.00020552,0.013308,0.0093548,-4.8934e-05,-0.0034894,0.0058411,0.016855,0.002048,0.015939,-0.0080538,0.0016799,-0.0048499,-0.010423
0.0056269,0.012283,0.022164,-0.0062039,0.01846,-0.0014758,-0.00044466,0.014404,-0.017875,-0.022201,-0.015903,-0.0063602,-0.021915,-0.018086,0.0064739,-0.0041342,-0.011,-0.014116,0.029314,-0.010475,-0.015458,-0.0065246,0.0073311,0.0029729,-0.0033299,-0.0043175,0.024306,0.018183,-0.0032483,0.018754,0.0011318,-0.0072315,-0.0090467,0.00061889,0.023141,-0.00054613,-0.0032057,-0.00031808,-0.0080308,-0.0076543,-0.012319,-0.021167,0.024666,-0.0027689,-0.0014703,0.033763,-0.0014036,0.019225,-0.017689,0.014688,-0.0093068,-0.001339,0.0044204,-0.023237,-0.011107,-0.010462,-0.0010959,0.0044298,-0.0010433
-0.0049044,-0.0094316,-0.021586,-0.0066493,-0.012365,-0.01303,-0.0024617,-0.023992,-0.0034949,-0.01174,-0.0010893,0.004146,0.0016105,-0.022045,-0.013834,0.021455,-0.015702,-0.0042415,0.0090689,0.015837,0.0030337,0.0035072,0.023076,-0.0060728,-0.012755,-0.0089872,-0.012278,0.021049,0.0097999,0.0017954,0.015489,0.021622,0.00040052,0.017295,0.0091958,0.00089612,-0.0060391,0.0048672,0.010452,0.012071,-0.0085903,-0.0043184,0.0033055,-0.0095341,-0.0096009,0.0025514,0.030285,0.010588,0.0015773,0.005193,0.017985,0.023475,0.043502,0.013608,0.016534,-0.0084163,-0.0027614,-0.0052459,0.030666
0.0038086,0.0094333,-0.0068355,0.0074134,-0.010273,-0.0081765,-0.015092,0.0062758,-0.00089128,0.020172,-0.011933,-0.0039809,-0.017801,-0.014581,0.0087114,-0.0079956,0.0019279,0.0006187,0.0098495,0.012788,8.8875e-05,0.030698,0.0060836,0.0020693,0.010753,-0.0019051,0.015572,0.0034807,-0.015893,0.010125,0.017405,0.021732,-0.0032508,0.0034017,0.010319,-0.01043,-0.012653,-0.0045805,0.008712,0.0131,0.0061087,-0.0092621,0.0043018,-0.0024233,-0.0037682,0.0065648,0.0070372,0.014908,8.378e-05,0.023536,-0.00092493,-0.0093036,0.015489,0.0096468,0.0051252,0.017088,-0.013627,-0.022662,0.0011238
0.0045863,-0.02955,-0.020318,-0.0071949,-0.0055273,-0.01687,0.015093,-0.0056974,-0.00055309,0.02185,-0.010632,-0.0014467,0.0012157,0.017448,-0.0048755,-0.017583,0.011515,-0.028309,-0.0011314,0.0066542,-0.010574,-0.019107,0.00835,0.0050398,0.01073,-0.00094022,-0.0016184,0.010967,0.0097115,0.0073644,0.004198,-0.0056458,-0.0037231,0.0047157,0.020451,-0.019922,-0.028863,-0.0054884,-0.010559,0.03017,0.0041829,0.013174,0.021512,0.031285,0.021764,0.0051864,-0.021503,-0.00076585,-0.0080263,-0.014062,0.016484,-0.012967,0.0023134,-0.023541,-0.011042,0.0018725,0.010633,-0.010304,-0.0088123
0.0082847,-0.018437,0.0086827,0.011167,0.020951,0.0039553,0.0073088,0.019716,0.010905,-0.00096672,0.0011408,0.0086298,-0.012767,-0.0020062,-0.00028939,0.000423,-0.0047511,0.017379,0.016987,0.016176,0.0064875,0.025205,0.012155,0.015657,-0.0037881,0.0010205,0.014241,-0.0058637,-0.0096836,-0.0010096,-0.0016115,0.018542,0.0076156,-0.0020249,-0.020379,-0.029136,-0.012099,-0.0060263,0.0029077,0.0038748,-0.0085901,0.0086916,-0.002864,0.0031614,0.014228,0.0098575,-0.0084665,-0.0031126,0.0057646,0.0034561,0.0224,0.03164,0.0008338,0.011137,-0.028052,0.0098457,-0.0030459,-0.0065011,-0.010443
-0.0057867,-0.0023745,0.012261,0.022168,-0.011247,-0.013382,0.011568,-0.0040374,0.024754,0.0055191,0.01498,-0.0147,0.0016488,0.0027046,0.01299,0.0019717,0.025288,0.00077768,0.0062148,0.017092,0.0032259,0.0067549,0.0066662,0.0038754,0.009935,0.016363,0.0030771,0.0078352,-0.0048676,-0.014596,0.011257,0.0025529,0.015596,0.0077658,-0.0016322,-0.029381,0.0087995,-0.010081,-0.0155,-0.0030154,0.00068365,-0.0016846,0.011616,0.0044559,0.010207,-0.0042083,0.032729,-0.017775,0.0079317,0.014021,-0.0031519,0.015558,0.021559,-0.0015105,-0.0016637,-0.0035839,-0.0086897,0.0071295,-0.013531
